# Convergence measures by iteration (iter npts dx_glmin abs(dmu_glmin)/yrange)
  1.0000000000E+00  1.1000000000E+01  0.0000000000E+00  0.0000000000E+00
  2.0000000000E+00  1.2000000000E+01  0.0000000000E+00  0.0000000000E+00
  3.0000000000E+00  1.3000000000E+01  0.0000000000E+00  0.0000000000E+00
  4.0000000000E+00  1.4000000000E+01  2.9287462795E+02  3.0735020672E-02
  5.0000000000E+00  1.5000000000E+01  2.5951984552E+02  4.4828323996E-03
  6.0000000000E+00  1.6000000000E+01  6.4477588222E+00  4.3362868108E-03
  7.0000000000E+00  1.7000000000E+01  2.4794087181E+02  1.3035299640E-02
  8.0000000000E+00  1.8000000000E+01  2.3629121630E+00  1.7730794207E-03
  9.0000000000E+00  1.9000000000E+01  1.4240588872E+01  6.4376553002E-03
  1.0000000000E+01  2.0000000000E+01  1.4928229360E+01  6.7999488867E-03
  1.1000000000E+01  2.1000000000E+01  8.4161258745E+00  1.4602890834E-03
  1.2000000000E+01  2.2000000000E+01  1.2976223872E+01  2.0238339401E-03
  1.3000000000E+01  2.3000000000E+01  8.8037527049E+00  2.4087186943E-03
  1.4000000000E+01  2.4000000000E+01  1.7166851358E+01  1.0852838838E-04
  1.5000000000E+01  2.5000000000E+01  4.5797501349E+00  2.2796784475E-03
  1.6000000000E+01  2.6000000000E+01  5.2399184623E+00  2.1782002054E-03
  1.7000000000E+01  2.7000000000E+01  1.1927107441E+01  1.4814965537E-03
  1.8000000000E+01  2.8000000000E+01  2.6402972415E+00  1.7625591653E-03
  1.9000000000E+01  2.9000000000E+01  9.1081805764E+00  4.0877236555E-03
  2.0000000000E+01  3.0000000000E+01  3.6814915050E+00  2.3526139165E-03
  2.1000000000E+01  3.1000000000E+01  6.0855337869E+00  6.3723947773E-03
  2.2000000000E+01  3.2000000000E+01  7.6099482140E+00  2.2180087745E-03
  2.3000000000E+01  3.3000000000E+01  1.0661997636E+00  1.3732074210E-03
  2.4000000000E+01  3.4000000000E+01  8.3473717831E+00  2.6847088090E-03
  2.5000000000E+01  3.5000000000E+01  7.8350154234E+00  6.3640219931E-04
  2.6000000000E+01  3.6000000000E+01  5.8429281035E+00  2.0523904939E-03
  2.7000000000E+01  3.7000000000E+01  2.0468923093E+01  3.1228273782E-03
  2.8000000000E+01  3.8000000000E+01  1.2682799616E+01  9.7249320300E-04
  2.9000000000E+01  3.9000000000E+01  6.6044151916E+00  1.6875426909E-03
  3.0000000000E+01  4.0000000000E+01  3.9413466787E+00  1.7143855504E-03
  3.1000000000E+01  4.1000000000E+01  1.1557121844E+01  8.6830035727E-03
  3.2000000000E+01  4.2000000000E+01  3.5636244631E+01  2.0056131911E-03
  3.3000000000E+01  4.3000000000E+01  7.1416481562E+00  2.0612501640E-03
  3.4000000000E+01  4.4000000000E+01  8.6248187886E+00  1.7619425280E-03
  3.5000000000E+01  4.5000000000E+01  9.1926233840E+00  2.7639960563E-03
  3.6000000000E+01  4.6000000000E+01  3.7463213225E+00  1.6505221877E-03
  3.7000000000E+01  4.7000000000E+01  4.8576910559E+00  1.4595510690E-03
  3.8000000000E+01  4.8000000000E+01  3.2112203079E+00  3.6289764092E-03
  3.9000000000E+01  4.9000000000E+01  3.8307637933E+00  5.2081852329E-03
  4.0000000000E+01  5.0000000000E+01  3.5210899883E+00  4.6285947659E-03
  4.1000000000E+01  5.1000000000E+01  1.5558599424E+02  3.5780741660E-02
  4.2000000000E+01  5.2000000000E+01  1.5520989614E+00  4.7349746230E-04
  4.3000000000E+01  5.3000000000E+01  9.1154678435E-01  4.4650184804E-05
  4.4000000000E+01  5.4000000000E+01  1.6095991547E+01  4.6563802315E-03
  4.5000000000E+01  5.5000000000E+01  1.2546493509E+01  7.7107002448E-04
  4.6000000000E+01  5.6000000000E+01  2.8356289345E+00  1.3714415154E-03
  4.7000000000E+01  5.7000000000E+01  2.6717479545E+01  4.0476763699E-03
  4.8000000000E+01  5.8000000000E+01  1.6840529838E+01  6.3975520272E-03
  4.9000000000E+01  5.9000000000E+01  2.5612050052E+00  2.4993423805E-04
  5.0000000000E+01  6.0000000000E+01  1.7667950856E+01  1.6805634373E-03
  5.1000000000E+01  6.1000000000E+01  4.1550284945E+00  1.9034882802E-03
  5.2000000000E+01  6.2000000000E+01  5.4734544200E+00  2.7641399561E-05
  5.3000000000E+01  6.3000000000E+01  1.2111716042E+01  6.8208106269E-04
  5.4000000000E+01  6.4000000000E+01  2.0786846336E+01  1.5922165471E-03
  5.5000000000E+01  6.5000000000E+01  3.3288653340E+01  1.0958738696E-02
  5.6000000000E+01  6.6000000000E+01  5.4203751091E-01  2.0868036955E-04
  5.7000000000E+01  6.7000000000E+01  3.8920994721E+00  1.4462221396E-03
  5.8000000000E+01  6.8000000000E+01  2.1908610836E+00  3.1979948638E-03
  5.9000000000E+01  6.9000000000E+01  1.4567014136E+00  1.0177860286E-04
  6.0000000000E+01  7.0000000000E+01  1.1770540423E+00  1.3586523242E-04
  6.1000000000E+01  7.1000000000E+01  1.1249574185E+00  1.6700735058E-03
  6.2000000000E+01  7.2000000000E+01  1.1436417616E+00  9.1771025782E-04
  6.3000000000E+01  7.3000000000E+01  8.8577112478E-01  1.4744703380E-04
  6.4000000000E+01  7.4000000000E+01  4.7663997760E-01  8.3405828672E-04
  6.5000000000E+01  7.5000000000E+01  1.2283894851E+00  6.4821106462E-04
  6.6000000000E+01  7.6000000000E+01  1.3945471642E+00  4.3658304936E-04
  6.7000000000E+01  7.7000000000E+01  4.6185344018E-01  1.0677858201E-03
  6.8000000000E+01  7.8000000000E+01  1.6820250434E+01  2.6783517550E-03
  6.9000000000E+01  7.9000000000E+01  5.2944705316E-01  2.5010757017E-04
  7.0000000000E+01  8.0000000000E+01  8.3602637454E-01  1.9806291782E-03
  7.1000000000E+01  8.1000000000E+01  1.1312320424E-01  3.4616128754E-06
  7.2000000000E+01  8.2000000000E+01  1.2906217287E+00  1.0663655924E-03
  7.3000000000E+01  8.3000000000E+01  1.1815347438E+00  1.1168225102E-03
  7.4000000000E+01  8.4000000000E+01  1.1255725218E+00  7.7517992652E-04
  7.5000000000E+01  8.5000000000E+01  2.2239991464E-01  6.5890309119E-04
  7.6000000000E+01  8.6000000000E+01  6.9662501106E-01  3.8756808182E-04
  7.7000000000E+01  8.7000000000E+01  6.8709740202E-01  9.8251472802E-04
  7.8000000000E+01  8.8000000000E+01  8.9729494588E-01  8.1941933483E-05
  7.9000000000E+01  8.9000000000E+01  4.0183011180E-01  8.8144597409E-04
  8.0000000000E+01  9.0000000000E+01  5.1742764977E+00  1.9851423720E-03
  8.1000000000E+01  9.1000000000E+01  6.2146332161E-01  9.5638499733E-04
  8.2000000000E+01  9.2000000000E+01  1.6585668668E+00  1.9354428808E-03
  8.3000000000E+01  9.3000000000E+01  1.0641474876E+00  1.2617175210E-03
  8.4000000000E+01  9.4000000000E+01  1.1254955551E+00  1.8231871452E-03
  8.5000000000E+01  9.5000000000E+01  4.2520387025E-01  6.2507289309E-05
  8.6000000000E+01  9.6000000000E+01  2.0332352017E+00  1.7198666687E-03
  8.7000000000E+01  9.7000000000E+01  1.0693268562E+00  1.0603102071E-03
  8.8000000000E+01  9.8000000000E+01  2.4042381285E+00  1.9738992297E-04
  8.9000000000E+01  9.9000000000E+01  1.8563153760E+00  1.7723181358E-03
  9.0000000000E+01  1.0000000000E+02  2.4711727212E+00  8.8800415587E-05
  9.1000000000E+01  1.0100000000E+02  2.0190880217E+00  1.5068940836E-04
  9.2000000000E+01  1.0200000000E+02  2.2695900798E+00  3.6141991349E-04
  9.3000000000E+01  1.0300000000E+02  6.8153748010E+00  1.7078101512E-03
  9.4000000000E+01  1.0400000000E+02  4.0543327007E+00  1.6362317577E-03
  9.5000000000E+01  1.0500000000E+02  4.5925346483E-01  1.5477016548E-04
  9.6000000000E+01  1.0600000000E+02  2.1224687253E+01  1.6578764808E-03
  9.7000000000E+01  1.0700000000E+02  3.5376573267E+00  4.1092665725E-04
  9.8000000000E+01  1.0800000000E+02  1.5459776643E+01  7.5062491816E-04
  9.9000000000E+01  1.0900000000E+02  4.5200215176E+01  4.8853097830E-03
  1.0000000000E+02  1.1000000000E+02  8.6016428087E-01  4.2494074288E-04
  1.0100000000E+02  1.1100000000E+02  1.2273490363E+01  2.1469027322E-03
  1.0200000000E+02  1.1200000000E+02  1.6829696085E+00  8.6939486074E-05
  1.0300000000E+02  1.1300000000E+02  1.6735694705E-01  7.0931062995E-05
  1.0400000000E+02  1.1400000000E+02  9.5847180887E-01  6.7575296976E-04
  1.0500000000E+02  1.1500000000E+02  4.0511530609E+00  2.7594611339E-04
  1.0600000000E+02  1.1600000000E+02  1.8638599632E+02  6.8152358905E-03
  1.0700000000E+02  1.1700000000E+02  5.2033704763E-01  4.5943501370E-04
  1.0800000000E+02  1.1800000000E+02  8.9092241853E+00  5.7444987773E-03
  1.0900000000E+02  1.1900000000E+02  7.2358776046E+00  8.6734690580E-04
  1.1000000000E+02  1.2000000000E+02  1.0840231755E+02  2.5568651965E-02
  1.1100000000E+02  1.2100000000E+02  2.2878857686E+00  1.0975067569E-03
  1.1200000000E+02  1.2200000000E+02  2.5635693142E+00  1.4021238157E-04
  1.1300000000E+02  1.2300000000E+02  7.9786425729E+00  4.5180518151E-03
  1.1400000000E+02  1.2400000000E+02  1.1982167272E+00  9.5359370903E-04
  1.1500000000E+02  1.2500000000E+02  4.0717920645E+00  3.1242324583E-03
  1.1600000000E+02  1.2600000000E+02  1.7685230220E+00  2.8374745797E-04
  1.1700000000E+02  1.2700000000E+02  2.0357052620E+00  1.4359117344E-03
  1.1800000000E+02  1.2800000000E+02  2.6847804716E+00  5.5562902664E-04
  1.1900000000E+02  1.2900000000E+02  1.2506771061E+00  8.3069967029E-04
  1.2000000000E+02  1.3000000000E+02  1.7368639398E+00  8.7774869858E-04
  1.2100000000E+02  1.3100000000E+02  1.2347953810E+00  7.5068277419E-04
  1.2200000000E+02  1.3200000000E+02  1.8281291098E+00  7.8539532965E-04
  1.2300000000E+02  1.3300000000E+02  4.6729879601E+00  3.3743721354E-04
  1.2400000000E+02  1.3400000000E+02  2.0170333894E+00  1.2646836490E-03
  1.2500000000E+02  1.3500000000E+02  6.1099126569E+00  3.0588819586E-04
  1.2600000000E+02  1.3600000000E+02  1.1961642394E+00  3.7391098694E-04
  1.2700000000E+02  1.3700000000E+02  1.3494992644E+01  7.3227044386E-03
  1.2800000000E+02  1.3800000000E+02  2.3178837977E+00  8.7063187766E-04
  1.2900000000E+02  1.3900000000E+02  1.9148516744E+02  3.0887937250E-02
  1.3000000000E+02  1.4000000000E+02  4.1105392598E+00  2.7233201916E-04
  1.3100000000E+02  1.4100000000E+02  1.4143040412E+02  3.6238454085E-03
  1.3200000000E+02  1.4200000000E+02  1.3140445391E+01  4.5798053798E-04
  1.3300000000E+02  1.4300000000E+02  2.5875200595E+02  5.4394520580E-03
  1.3400000000E+02  1.4400000000E+02  2.3979879470E-02  5.9380813599E-06
  1.3500000000E+02  1.4500000000E+02  2.5214080284E+02  2.1958629011E-03
  1.3600000000E+02  1.4600000000E+02  4.5203270530E+00  5.0680860052E-04
  1.3700000000E+02  1.4700000000E+02  2.4921122476E+02  4.5332740563E-03
  1.3800000000E+02  1.4800000000E+02  2.4694458604E+02  5.1423239954E-03
  1.3900000000E+02  1.4900000000E+02  2.2092635195E+00  8.9042908501E-04
  1.4000000000E+02  1.5000000000E+02  2.6752820719E+00  2.4187493709E-05
  1.4100000000E+02  1.5100000000E+02  1.4696734778E+00  1.1698821319E-04
  1.4200000000E+02  1.5200000000E+02  1.3189297915E+00  1.8885656543E-04
  1.4300000000E+02  1.5300000000E+02  5.4042893298E+00  3.1600029427E-04
  1.4400000000E+02  1.5400000000E+02  1.3501735347E+00  2.1517571613E-05
  1.4500000000E+02  1.5500000000E+02  2.4634338283E+02  1.9317600520E-03
  1.4600000000E+02  1.5600000000E+02  2.3511146784E+00  1.9219370316E-04
  1.4700000000E+02  1.5700000000E+02  9.8643969993E-01  6.8849119399E-04
  1.4800000000E+02  1.5800000000E+02  2.3930060789E+02  1.4474302713E-03
  1.4900000000E+02  1.5900000000E+02  1.7077356637E+00  2.8553258179E-04
  1.5000000000E+02  1.6000000000E+02  2.3995737106E+02  1.6683342726E-03
  1.5100000000E+02  1.6100000000E+02  2.3684583823E+02  1.4337008025E-03
  1.5200000000E+02  1.6200000000E+02  2.1721586213E+00  3.2290312048E-04
  1.5300000000E+02  1.6300000000E+02  2.3788300383E+02  1.4218210372E-03
  1.5400000000E+02  1.6400000000E+02  3.5797374391E+00  1.3680251479E-04
  1.5500000000E+02  1.6500000000E+02  5.7823032513E-01  2.1243501429E-04
  1.5600000000E+02  1.6600000000E+02  2.3513229579E+00  3.6700144326E-05
  1.5700000000E+02  1.6700000000E+02  9.1125419559E+00  1.5532242655E-03
  1.5800000000E+02  1.6800000000E+02  1.1105597287E+00  3.7447358018E-04
  1.5900000000E+02  1.6900000000E+02  6.5206335641E-01  4.2229695182E-04
  1.6000000000E+02  1.7000000000E+02  8.4960368201E+00  5.4492656481E-04
  1.6100000000E+02  1.7100000000E+02  2.6552454728E+02  2.2491351792E-02
  1.6200000000E+02  1.7200000000E+02  1.2332288689E+00  5.1142973364E-04
  1.6300000000E+02  1.7300000000E+02  6.7704607639E+00  1.5541490643E-03
  1.6400000000E+02  1.7400000000E+02  9.2600777432E-01  2.6804256827E-04
  1.6500000000E+02  1.7500000000E+02  1.4607277001E+00  3.7551874692E-04
  1.6600000000E+02  1.7600000000E+02  6.9470052038E-01  4.3095666263E-04
  1.6700000000E+02  1.7700000000E+02  1.1406230598E+00  9.2460393950E-04
  1.6800000000E+02  1.7800000000E+02  3.0319691321E+00  4.3662349228E-04
  1.6900000000E+02  1.7900000000E+02  4.0411844082E+02  1.7592625288E-02
  1.7000000000E+02  1.8000000000E+02  4.0463037200E+02  1.8639015099E-02
  1.7100000000E+02  1.8100000000E+02  2.0936923258E+00  9.5811751199E-04
  1.7200000000E+02  1.8200000000E+02  5.2595814246E+00  1.0970384391E-03
  1.7300000000E+02  1.8300000000E+02  2.3490415067E+02  2.4474764527E-02
  1.7400000000E+02  1.8400000000E+02  1.9822344864E+02  5.6911869947E-03
  1.7500000000E+02  1.8500000000E+02  2.8976266631E+00  1.7530171489E-05
  1.7600000000E+02  1.8600000000E+02  1.2605966618E+00  2.4766796236E-04
  1.7700000000E+02  1.8700000000E+02  3.7730519121E+00  3.5365988556E-04
  1.7800000000E+02  1.8800000000E+02  1.9941436314E+02  2.8217059699E-03
  1.7900000000E+02  1.8900000000E+02  2.8124552038E+00  2.4072434243E-04
  1.8000000000E+02  1.9000000000E+02  3.7267214926E+00  4.4358872757E-05
  1.8100000000E+02  1.9100000000E+02  2.4193378024E+00  5.8611391173E-04
  1.8200000000E+02  1.9200000000E+02  5.7672722237E+00  4.0879115969E-04
  1.8300000000E+02  1.9300000000E+02  1.9991254677E+02  2.9148760579E-03
  1.8400000000E+02  1.9400000000E+02  5.5040631684E-01  6.4774473706E-04
  1.8500000000E+02  1.9500000000E+02  4.4143344677E+00  6.4886757079E-04
  1.8600000000E+02  1.9600000000E+02  2.8405573064E+00  1.3703869451E-04
  1.8700000000E+02  1.9700000000E+02  1.4591356041E+00  9.8034394060E-05
  1.8800000000E+02  1.9800000000E+02  2.0163145881E+02  2.5467351455E-03
  1.8900000000E+02  1.9900000000E+02  5.8342627909E-01  1.0790880393E-04
  1.9000000000E+02  2.0000000000E+02  4.4899393203E+00  7.0272523338E-04
  1.9100000000E+02  2.0100000000E+02  2.0297446971E+02  2.4954985586E-03
  1.9200000000E+02  2.0200000000E+02  2.0020501843E+02  2.3136904052E-03
  1.9300000000E+02  2.0300000000E+02  2.0023148026E+02  2.8741160384E-03
  1.9400000000E+02  2.0400000000E+02  2.1338693143E+00  3.2040643922E-04
  1.9500000000E+02  2.0500000000E+02  1.9013566871E+00  2.4339193346E-04
  1.9600000000E+02  2.0600000000E+02  2.5936030883E+00  1.2558509109E-04
  1.9700000000E+02  2.0700000000E+02  2.5723346207E+02  3.7933947558E-04
  1.9800000000E+02  2.0800000000E+02  1.8475112219E+00  5.7153233108E-04
  1.9900000000E+02  2.0900000000E+02  3.2239914938E+00  1.1969658734E-03
  2.0000000000E+02  2.1000000000E+02  1.1599811443E+01  4.6243680092E-04
  2.0100000000E+02  2.1100000000E+02  2.6177105757E+02  9.7621149499E-03
  2.0200000000E+02  2.1200000000E+02  3.2617486015E+02  2.3464075996E-02
  2.0300000000E+02  2.1300000000E+02  3.2562580653E+02  2.3310452803E-02
  2.0400000000E+02  2.1400000000E+02  2.5913929910E+00  2.5390632784E-04
  2.0500000000E+02  2.1500000000E+02  2.8340888170E+00  8.3351856920E-04
  2.0600000000E+02  2.1600000000E+02  2.6192549986E+02  1.1345542246E-02
  2.0700000000E+02  2.1700000000E+02  2.5006378474E+02  1.5034362898E-02
  2.0800000000E+02  2.1800000000E+02  3.6157586240E+00  3.7320134609E-04
  2.0900000000E+02  2.1900000000E+02  3.3824855815E+02  2.2859838338E-02
  2.1000000000E+02  2.2000000000E+02  4.3294861870E+00  3.7800409071E-04
  2.1100000000E+02  2.2100000000E+02  3.3774283774E+02  2.2134344279E-02
  2.1200000000E+02  2.2200000000E+02  3.3636204553E+02  2.0688456963E-02
  2.1300000000E+02  2.2300000000E+02  3.3423076887E+02  2.0526692086E-02
  2.1400000000E+02  2.2400000000E+02  1.1780184985E+01  6.3334010577E-04
  2.1500000000E+02  2.2500000000E+02  5.8163346147E+01  4.0547923989E-04
  2.1600000000E+02  2.2600000000E+02  2.3317744790E+00  4.5952052717E-05
  2.1700000000E+02  2.2700000000E+02  1.6512633291E+00  3.4151755710E-04
  2.1800000000E+02  2.2800000000E+02  2.2485313873E+00  3.8010819869E-04
  2.1900000000E+02  2.2900000000E+02  3.5251654666E+00  5.3177732034E-05
  2.2000000000E+02  2.3000000000E+02  3.2544873213E+02  8.9406714260E-04
  2.2100000000E+02  2.3100000000E+02  6.2000466088E-01  1.9777343558E-04
  2.2200000000E+02  2.3200000000E+02  2.4693731252E+00  2.3174170434E-03
  2.2300000000E+02  2.3300000000E+02  3.4286684112E+02  7.0944146808E-03
  2.2400000000E+02  2.3400000000E+02  2.8920638521E+00  1.1306756642E-04
  2.2500000000E+02  2.3500000000E+02  3.5218186681E+02  4.6325147788E-03
  2.2600000000E+02  2.3600000000E+02  3.5264149462E+02  6.0462483827E-03
  2.2700000000E+02  2.3700000000E+02  3.4395789507E+02  2.9223501021E-03
  2.2800000000E+02  2.3800000000E+02  2.0942773866E+00  8.9228323878E-04
  2.2900000000E+02  2.3900000000E+02  3.4514327694E+02  2.8494036302E-03
  2.3000000000E+02  2.4000000000E+02  3.6128221732E+00  1.0692081197E-03
  2.3100000000E+02  2.4100000000E+02  3.4641555440E+02  9.8990386803E-04
  2.3200000000E+02  2.4200000000E+02  3.3438451340E+00  4.9338121709E-04
  2.3300000000E+02  2.4300000000E+02  6.7539169067E-01  1.9238421510E-04
  2.3400000000E+02  2.4400000000E+02  3.4457086997E+02  2.4004951904E-03
  2.3500000000E+02  2.4500000000E+02  2.0601726875E+00  1.7752025719E-04
  2.3600000000E+02  2.4600000000E+02  3.9407809199E+00  7.3969449967E-03
  2.3700000000E+02  2.4700000000E+02  3.5358397097E+00  3.4496669211E-04
  2.3800000000E+02  2.4800000000E+02  3.9700098552E+02  7.1238428423E-03
  2.3900000000E+02  2.4900000000E+02  3.9596836843E+02  7.3013658544E-03
  2.4000000000E+02  2.5000000000E+02  6.9415992425E+00  2.9304610579E-03
  2.4100000000E+02  2.5100000000E+02  1.0517472266E+00  1.8149049216E-04
  2.4200000000E+02  2.5200000000E+02  3.2913024090E+02  3.4377869439E-04
  2.4300000000E+02  2.5300000000E+02  4.7768644739E+00  3.5804971302E-04
  2.4400000000E+02  2.5400000000E+02  1.8512820805E+01  1.8428636618E-03
  2.4500000000E+02  2.5500000000E+02  2.0961440074E+00  3.0338571235E-04
  2.4600000000E+02  2.5600000000E+02  4.0476963997E+02  1.6074861567E-03
  2.4700000000E+02  2.5700000000E+02  4.7828516204E+02  4.0269834830E-03
  2.4800000000E+02  2.5800000000E+02  1.0136265827E+00  5.4413103441E-04
  2.4900000000E+02  2.5900000000E+02  2.2152338261E+00  6.3072803658E-05
  2.5000000000E+02  2.6000000000E+02  1.8797111711E+00  2.7931371253E-04
  2.5100000000E+02  2.6100000000E+02  1.2232432625E+00  2.0760027045E-04
  2.5200000000E+02  2.6200000000E+02  2.8091496831E+00  2.0985589794E-04
  2.5300000000E+02  2.6300000000E+02  1.2329772835E+00  2.2506400646E-04
  2.5400000000E+02  2.6400000000E+02  1.3850153531E+00  2.7669263693E-05
  2.5500000000E+02  2.6500000000E+02  2.1578171386E+00  2.0599702450E-04
  2.5600000000E+02  2.6600000000E+02  2.1359600458E+00  2.5821817043E-04
  2.5700000000E+02  2.6700000000E+02  2.2953182351E+00  3.5378004159E-05
  2.5800000000E+02  2.6800000000E+02  3.1237024526E+00  3.9841631160E-04
  2.5900000000E+02  2.6900000000E+02  2.1102671341E+00  3.5779456689E-04
  2.6000000000E+02  2.7000000000E+02  2.0158554552E+00  5.3016252501E-05
  2.6100000000E+02  2.7100000000E+02  2.0073352094E+00  3.5320151255E-05
  2.6200000000E+02  2.7200000000E+02  4.8279630793E+02  9.1013138932E-03
  2.6300000000E+02  2.7300000000E+02  4.8368156603E+02  9.5464770463E-03
  2.6400000000E+02  2.7400000000E+02  4.8368703826E+02  9.5712284468E-03
  2.6500000000E+02  2.7500000000E+02  4.8416363509E+02  9.4116546689E-03
  2.6600000000E+02  2.7600000000E+02  4.6882427677E+00  4.8248897756E-06
  2.6700000000E+02  2.7700000000E+02  1.1925744386E+00  6.2584985008E-04
  2.6800000000E+02  2.7800000000E+02  1.1444562558E+01  2.7211007242E-04
  2.6900000000E+02  2.7900000000E+02  2.3319215026E+00  9.1824001414E-05
  2.7000000000E+02  2.8000000000E+02  4.9009786640E+02  1.0513848374E-02
  2.7100000000E+02  2.8100000000E+02  5.0977131660E+02  1.4211091498E-02
  2.7200000000E+02  2.8200000000E+02  4.2213117733E+02  1.3949671180E-03
  2.7300000000E+02  2.8300000000E+02  2.0289389280E-01  4.0856017190E-05
  2.7400000000E+02  2.8400000000E+02  5.0435766526E+02  1.5619749410E-02
  2.7500000000E+02  2.8500000000E+02  5.0433945105E+02  1.5936228104E-02
  2.7600000000E+02  2.8600000000E+02  3.0980420390E+02  4.1642041069E-03
  2.7700000000E+02  2.8700000000E+02  1.3575369170E+00  2.2720763666E-04
  2.7800000000E+02  2.8800000000E+02  3.0933186030E+02  3.7797685958E-03
  2.7900000000E+02  2.8900000000E+02  4.6772093352E+02  8.7887449331E-03
  2.8000000000E+02  2.9000000000E+02  2.2468904679E+02  5.2245072237E-03
  2.8100000000E+02  2.9100000000E+02  3.1664051336E+02  3.6611486340E-03
  2.8200000000E+02  2.9200000000E+02  4.6684808811E+02  9.3025445166E-03
  2.8300000000E+02  2.9300000000E+02  2.2213179396E+02  5.9942083185E-03
  2.8400000000E+02  2.9400000000E+02  3.1721647960E+02  3.4491905353E-03
  2.8500000000E+02  2.9500000000E+02  5.0180804906E-01  2.1888084494E-04
  2.8600000000E+02  2.9600000000E+02  2.8316524703E+02  1.8093225403E-03
  2.8700000000E+02  2.9700000000E+02  2.2032268337E+02  1.2812214117E-02
  2.8800000000E+02  2.9800000000E+02  7.3169825104E+00  5.6242346558E-05
  2.8900000000E+02  2.9900000000E+02  2.1599410331E+02  1.1545039401E-02
  2.9000000000E+02  3.0000000000E+02  1.7588964838E+02  1.7075405284E-03
  2.9100000000E+02  3.0100000000E+02  1.7542840618E+02  1.5749819373E-03
  2.9200000000E+02  3.0200000000E+02  1.7968089575E+02  1.4474980842E-03
  2.9300000000E+02  3.0300000000E+02  4.3265167955E+02  1.4380353836E-02
  2.9400000000E+02  3.0400000000E+02  3.8175606660E+02  1.3401204992E-02
  2.9500000000E+02  3.0500000000E+02  2.0771747970E+02  5.8405582117E-03
  2.9600000000E+02  3.0600000000E+02  2.5600245620E+00  1.1183962265E-04
  2.9700000000E+02  3.0700000000E+02  3.3546976952E+02  6.6737118626E-03
  2.9800000000E+02  3.0800000000E+02  3.9862281790E+02  4.5000251662E-03
  2.9900000000E+02  3.0900000000E+02  3.9936023672E+02  4.4709143480E-03
  3.0000000000E+02  3.1000000000E+02  1.1536191711E+01  7.9808228831E-04
  3.0100000000E+02  3.1100000000E+02  1.7707284359E+02  7.0804632306E-04
  3.0200000000E+02  3.1200000000E+02  4.4912340083E+02  1.0638045737E-02
  3.0300000000E+02  3.1300000000E+02  4.5255956754E+02  1.0385303990E-02
  3.0400000000E+02  3.1400000000E+02  2.0565062914E+02  9.9806405186E-03
  3.0500000000E+02  3.1500000000E+02  2.5783389302E-01  2.9817831528E-04
  3.0600000000E+02  3.1600000000E+02  3.6040881395E+02  1.3519318264E-02
  3.0700000000E+02  3.1700000000E+02  3.5990716657E+02  1.3558240448E-02
  3.0800000000E+02  3.1800000000E+02  4.2040860673E+02  1.4176234912E-02
  3.0900000000E+02  3.1900000000E+02  1.8931277464E+02  1.0658478832E-03
  3.1000000000E+02  3.2000000000E+02  2.6356309749E+00  5.4660927903E-04
  3.1100000000E+02  3.2100000000E+02  3.5698174751E+02  1.1922773194E-02
  3.1200000000E+02  3.2200000000E+02  4.8323740466E-01  1.6885048039E-04
  3.1300000000E+02  3.2300000000E+02  4.8995609206E+02  1.5565332397E-02
  3.1400000000E+02  3.2400000000E+02  3.8501174981E+02  4.1397559572E-03
  3.1500000000E+02  3.2500000000E+02  3.5636657574E+00  5.0831902751E-04
  3.1600000000E+02  3.2600000000E+02  1.1408981576E+01  1.6140006480E-03
  3.1700000000E+02  3.2700000000E+02  1.9263782235E-01  1.1506688224E-04
  3.1800000000E+02  3.2800000000E+02  1.8874701011E+02  5.6601678783E-03
  3.1900000000E+02  3.2900000000E+02  4.1669590790E+02  1.4241089076E-02
  3.2000000000E+02  3.3000000000E+02  3.5355370776E+02  7.9148043494E-03
  3.2100000000E+02  3.3100000000E+02  3.2677231689E+02  6.6799067854E-03
  3.2200000000E+02  3.3200000000E+02  1.8581397153E+00  6.5371026146E-05
  3.2300000000E+02  3.3300000000E+02  1.6812703994E+02  5.6786757215E-03
  3.2400000000E+02  3.3400000000E+02  2.3718408791E+02  1.8122400855E-04
  3.2500000000E+02  3.3500000000E+02  3.2670881097E+02  5.6872961220E-03
  3.2600000000E+02  3.3600000000E+02  2.6584299427E+00  2.4831313879E-04
  3.2700000000E+02  3.3700000000E+02  4.5980019126E+02  6.5993990662E-03
  3.2800000000E+02  3.3800000000E+02  4.5875925267E+02  6.4020655670E-03
  3.2900000000E+02  3.3900000000E+02  1.9987102141E+02  6.4573758037E-03
  3.3000000000E+02  3.4000000000E+02  4.6402183314E+02  1.1384718197E-02
  3.3100000000E+02  3.4100000000E+02  5.1791097733E+02  4.9912811897E-03
  3.3200000000E+02  3.4200000000E+02  8.1901125877E-01  1.9961370889E-06
  3.3300000000E+02  3.4300000000E+02  1.9908868166E+02  5.4049012655E-03
  3.3400000000E+02  3.4400000000E+02  1.9980855301E+02  5.0606104776E-03
  3.3500000000E+02  3.4500000000E+02  1.3451004840E+00  1.2121242877E-05
  3.3600000000E+02  3.4600000000E+02  1.2604404306E+00  5.9335675619E-05
  3.3700000000E+02  3.4700000000E+02  5.1430564788E-01  3.1310817888E-05
  3.3800000000E+02  3.4800000000E+02  4.2391877436E-01  1.3260086820E-04
  3.3900000000E+02  3.4900000000E+02  2.2014645352E+02  7.1911585101E-03
  3.4000000000E+02  3.5000000000E+02  2.1945674955E+02  2.2379548089E-04
  3.4100000000E+02  3.5100000000E+02  4.3374605033E+00  1.0775728442E-04
  3.4200000000E+02  3.5200000000E+02  2.2119628778E+02  3.3249801394E-04
  3.4300000000E+02  3.5300000000E+02  2.1944626074E+02  2.4293112343E-04
  3.4400000000E+02  3.5400000000E+02  2.2202019765E+02  6.0434361594E-04
  3.4500000000E+02  3.5500000000E+02  4.2249190528E+00  3.1697870766E-04
  3.4600000000E+02  3.5600000000E+02  2.1238082329E+02  1.2380913410E-04
  3.4700000000E+02  3.5700000000E+02  2.7643508758E+02  8.9137879446E-03
  3.4800000000E+02  3.5800000000E+02  4.4351111343E+02  7.6563395095E-03
  3.4900000000E+02  3.5900000000E+02  2.2694217525E+02  1.2459872027E-03
  3.5000000000E+02  3.6000000000E+02  2.1265764156E+02  3.1225087514E-04
  3.5100000000E+02  3.6100000000E+02  2.6138785415E+02  1.8271243873E-03
  3.5200000000E+02  3.6200000000E+02  2.5973437093E+02  2.0119520172E-03
  3.5300000000E+02  3.6300000000E+02  4.2566176346E-01  4.3149895413E-05
  3.5400000000E+02  3.6400000000E+02  2.6026022646E+02  1.8039781399E-03
  3.5500000000E+02  3.6500000000E+02  2.1612470597E+00  2.4125127007E-04
  3.5600000000E+02  3.6600000000E+02  5.1800152931E-01  2.9936641896E-04
  3.5700000000E+02  3.6700000000E+02  4.3998911198E-01  1.2648848643E-04
  3.5800000000E+02  3.6800000000E+02  2.0653728719E+02  3.1490534860E-03
  3.5900000000E+02  3.6900000000E+02  3.5673874392E+02  3.5386330315E-03
  3.6000000000E+02  3.7000000000E+02  4.5971863010E+02  2.4047847819E-03
  3.6100000000E+02  3.7100000000E+02  2.8416442112E+02  1.4096594244E-03
  3.6200000000E+02  3.7200000000E+02  2.5516987348E+00  1.5710443373E-04
  3.6300000000E+02  3.7300000000E+02  5.1235001510E+00  3.2385027635E-04
  3.6400000000E+02  3.7400000000E+02  7.1181217368E+00  1.8190669401E-04
  3.6500000000E+02  3.7500000000E+02  1.2177768839E+02  1.2368178354E-03
  3.6600000000E+02  3.7600000000E+02  1.4845462955E+02  1.1024856396E-02
  3.6700000000E+02  3.7700000000E+02  1.4684599289E+02  1.1025186348E-02
  3.6800000000E+02  3.7800000000E+02  7.5288537176E-01  8.3365186399E-05
  3.6900000000E+02  3.7900000000E+02  4.7347222086E+00  1.8371136553E-04
  3.7000000000E+02  3.8000000000E+02  1.4956928685E+02  1.3382013828E-02
  3.7100000000E+02  3.8100000000E+02  1.4753735650E+02  1.3561646776E-02
  3.7200000000E+02  3.8200000000E+02  3.2262825525E+00  3.8130043472E-05
  3.7300000000E+02  3.8300000000E+02  1.4609046588E+02  1.3744651403E-02
  3.7400000000E+02  3.8400000000E+02  4.9189764948E+02  2.5030145726E-02
  3.7500000000E+02  3.8500000000E+02  4.6851299753E+02  1.1249143520E-02
  3.7600000000E+02  3.8600000000E+02  3.6091565230E+00  9.8523282883E-05
  3.7700000000E+02  3.8700000000E+02  2.7607671248E+00  3.8909892135E-05
  3.7800000000E+02  3.8800000000E+02  4.6911934117E+02  1.0989992075E-02
  3.7900000000E+02  3.8900000000E+02  6.3405931826E+02  1.3505503288E-02
  3.8000000000E+02  3.9000000000E+02  6.3410665798E+02  1.2359154678E-02
  3.8100000000E+02  3.9100000000E+02  5.9799508195E-02  2.4153258776E-04
  3.8200000000E+02  3.9200000000E+02  6.3408103884E+02  1.2047503206E-02
  3.8300000000E+02  3.9300000000E+02  2.2552784474E+02  1.1689221552E-02
  3.8400000000E+02  3.9400000000E+02  1.1408994196E+00  3.1414444518E-05
  3.8500000000E+02  3.9500000000E+02  4.9349914310E+02  2.5486138815E-03
  3.8600000000E+02  3.9600000000E+02  4.9327863368E+02  2.6026580296E-03
  3.8700000000E+02  3.9700000000E+02  4.2445363641E+00  6.4292906560E-04
  3.8800000000E+02  3.9800000000E+02  1.8911750908E+00  5.4178502500E-05
  3.8900000000E+02  3.9900000000E+02  4.2334006523E+00  4.2483421487E-05
  3.9000000000E+02  4.0000000000E+02  1.1066983215E+01  1.9170905264E-03
  3.9100000000E+02  4.0100000000E+02  4.8413458837E+00  1.1313368402E-04
  3.9200000000E+02  4.0200000000E+02  6.0321834537E+02  5.9398536083E-03
  3.9300000000E+02  4.0300000000E+02  6.0318852319E+02  6.1131509214E-03
  3.9400000000E+02  4.0400000000E+02  2.2716546898E+02  1.1366992322E-02
  3.9500000000E+02  4.0500000000E+02  2.2373464556E+02  1.2254125805E-02
  3.9600000000E+02  4.0600000000E+02  2.2383599047E+02  1.1294992370E-02
  3.9700000000E+02  4.0700000000E+02  6.4388808677E+02  1.6675864125E-02
  3.9800000000E+02  4.0800000000E+02  2.0605185126E+02  1.9760019474E-03
  3.9900000000E+02  4.0900000000E+02  4.9756469277E+02  3.4814915279E-03
  4.0000000000E+02  4.1000000000E+02  1.5751613919E+01  3.7582422297E-04
  4.0100000000E+02  4.1100000000E+02  5.9898648065E+02  5.2246307703E-03
  4.0200000000E+02  4.1200000000E+02  1.1678487426E-01  3.8240133521E-06
  4.0300000000E+02  4.1300000000E+02  6.4341903083E+02  1.9011014461E-02
  4.0400000000E+02  4.1400000000E+02  4.4761186404E+02  2.0509136485E-02
  4.0500000000E+02  4.1500000000E+02  5.8791532003E+00  5.7462237545E-05
  4.0600000000E+02  4.1600000000E+02  4.2137063658E+02  6.3532468288E-03
  4.0700000000E+02  4.1700000000E+02  1.8669947372E+00  3.5683162332E-05
  4.0800000000E+02  4.1800000000E+02  3.1252621567E+00  2.3220502557E-04
  4.0900000000E+02  4.1900000000E+02  2.2129362385E+00  7.1239599256E-06
  4.1000000000E+02  4.2000000000E+02  6.5434507716E+02  3.3230760796E-03
  4.1100000000E+02  4.2100000000E+02  5.3584364252E-02  3.1524110736E-05
  4.1200000000E+02  4.2200000000E+02  3.5248154561E+02  3.8999283030E-02
  4.1300000000E+02  4.2300000000E+02  7.2532961545E+02  2.5685676340E-02
  4.1400000000E+02  4.2400000000E+02  6.4408899013E+02  1.3772786881E-02
  4.1500000000E+02  4.2500000000E+02  3.5225107167E+02  4.1524024642E-02
  4.1600000000E+02  4.2600000000E+02  1.4572859464E-02  1.4924745844E-04
  4.1700000000E+02  4.2700000000E+02  3.8330644905E-02  5.3083842917E-04
  4.1800000000E+02  4.2800000000E+02  5.2113134476E+02  4.3518986342E-02
  4.1900000000E+02  4.2900000000E+02  5.2112020535E+02  4.3435549105E-02
  4.2000000000E+02  4.3000000000E+02  6.5000451949E+02  3.6436475797E-02
  4.2100000000E+02  4.3100000000E+02  1.7700670277E+02  6.6283983110E-03
  4.2200000000E+02  4.3200000000E+02  6.8713886532E-01  7.0414209973E-04
  4.2300000000E+02  4.3300000000E+02  6.0044817814E+02  1.0742059854E-02
  4.2400000000E+02  4.3400000000E+02  8.9011465061E+00  8.2432016945E-05
  4.2500000000E+02  4.3500000000E+02  1.3040288428E+00  1.2745015850E-04
  4.2600000000E+02  4.3600000000E+02  1.2216109992E+01  1.8702699385E-05
  4.2700000000E+02  4.3700000000E+02  5.9330321418E+02  1.0095032344E-02
  4.2800000000E+02  4.3800000000E+02  4.2739502840E+02  1.4816224075E-02
  4.2900000000E+02  4.3900000000E+02  4.7575595838E+01  2.8624080305E-04
  4.3000000000E+02  4.4000000000E+02  1.7240878891E+01  1.0844389031E-04
  4.3100000000E+02  4.4100000000E+02  2.3491087802E+01  1.7191848556E-05
  4.3200000000E+02  4.4200000000E+02  1.0593996315E+01  4.8080107141E-05
  4.3300000000E+02  4.4300000000E+02  4.1393642047E+01  2.9173672293E-04
  4.3400000000E+02  4.4400000000E+02  5.7121581071E-01  5.2082447301E-06
  4.3500000000E+02  4.4500000000E+02  6.7891545614E+00  7.0450956103E-05
  4.3600000000E+02  4.4600000000E+02  3.0511083855E+01  7.6730433169E-05
  4.3700000000E+02  4.4700000000E+02  4.3237140712E+02  1.4965575266E-02
  4.3800000000E+02  4.4800000000E+02  4.2894454463E+02  1.4562006867E-02
  4.3900000000E+02  4.4900000000E+02  1.1379705966E+00  2.6354010777E-05
  4.4000000000E+02  4.5000000000E+02  4.2921847889E+02  1.4523812931E-02
  4.4100000000E+02  4.5100000000E+02  3.4856867284E+02  1.4996820284E-02
  4.4200000000E+02  4.5200000000E+02  2.4379511931E+02  3.0553495831E-04
  4.4300000000E+02  4.5300000000E+02  4.3008745926E+02  1.4355176909E-02
  4.4400000000E+02  4.5400000000E+02  5.4887456836E-02  3.9950290781E-05
  4.4500000000E+02  4.5500000000E+02  4.3191010694E+02  1.4248908648E-02
  4.4600000000E+02  4.5600000000E+02  4.3191008467E+02  1.4183568032E-02
  4.4700000000E+02  4.5700000000E+02  4.3212159148E+02  1.4182513541E-02
  4.4800000000E+02  4.5800000000E+02  1.0232205797E+01  1.5680828196E-04
  4.4900000000E+02  4.5900000000E+02  2.3922085274E+01  3.4350638311E-05
  4.5000000000E+02  4.6000000000E+02  2.4055737447E+01  3.8583118592E-05
  4.5100000000E+02  4.6100000000E+02  4.3609629558E+02  1.4125049078E-02
  4.5200000000E+02  4.6200000000E+02  4.3523965292E+02  1.4205039194E-02
  4.5300000000E+02  4.6300000000E+02  4.3524078321E+02  1.4303487671E-02
  4.5400000000E+02  4.6400000000E+02  4.3591691574E+02  1.4446312080E-02
  4.5500000000E+02  4.6500000000E+02  3.2426917808E+01  4.3063327973E-06
  4.5600000000E+02  4.6600000000E+02  2.9408258247E+00  1.1687134185E-05
  4.5700000000E+02  4.6700000000E+02  2.7565300979E+01  2.2102659430E-04
  4.5800000000E+02  4.6800000000E+02  2.0403426590E+01  9.8338280741E-06
  4.5900000000E+02  4.6900000000E+02  3.2206846703E+02  1.4462187510E-04
  4.6000000000E+02  4.7000000000E+02  2.5548395349E+02  9.0839432940E-03
  4.6100000000E+02  4.7100000000E+02  4.3491913404E+02  9.2395014871E-03
  4.6200000000E+02  4.7200000000E+02  1.5831150679E+01  6.4923354869E-05
  4.6300000000E+02  4.7300000000E+02  3.1132014649E+02  1.1971385844E-03
  4.6400000000E+02  4.7400000000E+02  3.3620513879E+01  1.9041361382E-04
  4.6500000000E+02  4.7500000000E+02  3.4324922184E+02  1.3548635064E-03
  4.6600000000E+02  4.7600000000E+02  3.5541277868E+00  1.0636266919E-04
  4.6700000000E+02  4.7700000000E+02  1.5423775780E+01  5.8454499608E-04
  4.6800000000E+02  4.7800000000E+02  1.5949502808E+02  6.8291750116E-04
  4.6900000000E+02  4.7900000000E+02  9.8861743581E+00  1.9511050669E-05
  4.7000000000E+02  4.8000000000E+02  7.6128097400E+00  6.9998834602E-06
  4.7100000000E+02  4.8100000000E+02  4.0224020461E+02  9.0294387597E-03
  4.7200000000E+02  4.8200000000E+02  4.9590777603E+02  8.7552965246E-03
  4.7300000000E+02  4.8300000000E+02  3.4569080736E+02  2.6154492430E-04
  4.7400000000E+02  4.8400000000E+02  3.4600837915E+02  4.7584945623E-04
  4.7500000000E+02  4.8500000000E+02  3.4530708976E+02  1.9049636678E-04
  4.7600000000E+02  4.8600000000E+02  4.0207325337E+02  9.0179054761E-03
  4.7700000000E+02  4.8700000000E+02  5.2427509441E+02  1.4226144378E-02
  4.7800000000E+02  4.8800000000E+02  3.4721636457E+02  5.2204361169E-03
  4.7900000000E+02  4.8900000000E+02  5.2576504796E+02  4.8271678661E-05
  4.8000000000E+02  4.9000000000E+02  3.4514051985E+00  1.3562479497E-05
  4.8100000000E+02  4.9100000000E+02  4.2117110824E+02  1.4505319075E-02
  4.8200000000E+02  4.9200000000E+02  4.0152323297E+02  1.4504137328E-02
  4.8300000000E+02  4.9300000000E+02  3.8587974883E+00  5.3003537577E-05
  4.8400000000E+02  4.9400000000E+02  3.9320889005E+00  8.5253882381E-05
  4.8500000000E+02  4.9500000000E+02  7.5396429413E+00  2.9273463254E-05
  4.8600000000E+02  4.9600000000E+02  7.5360150858E+00  5.7443483033E-05
  4.8700000000E+02  4.9700000000E+02  1.2267928110E+00  1.0759824192E-04
  4.8800000000E+02  4.9800000000E+02  3.6569881678E+02  2.8089071275E-03
  4.8900000000E+02  4.9900000000E+02  3.6448759389E+02  2.4707092251E-03
  4.9000000000E+02  5.0000000000E+02  3.5021199022E+00  5.4280009975E-06
  4.9100000000E+02  5.0100000000E+02  6.2082694561E+01  3.6953065353E-05
  4.9200000000E+02  5.0200000000E+02  5.2295831633E+01  8.0428250901E-06
  4.9300000000E+02  5.0300000000E+02  1.2578984255E+01  9.4640145135E-05
  4.9400000000E+02  5.0400000000E+02  5.1072490474E+02  1.0565572366E-02
  4.9500000000E+02  5.0500000000E+02  5.3985185701E+02  1.0254484059E-02
  4.9600000000E+02  5.0600000000E+02  3.6162330103E-02  8.3497845438E-06
  4.9700000000E+02  5.0700000000E+02  3.5387553464E+00  3.9936092449E-05
  4.9800000000E+02  5.0800000000E+02  3.4978321366E+00  6.3132775715E-06
  4.9900000000E+02  5.0900000000E+02  7.9293103349E-01  1.1970178986E-04
  5.0000000000E+02  5.1000000000E+02  2.8654459870E-01  1.0054707493E-04
