z_from_surf x_from_center y_from_center angle_frag1 angle_frag2 alpha beta gamma energy_surrogate
0.5 -14.1 -19.74 -180.0 -180.0 -180.0 -180.0 -180.0 -174025459.39057308
2.5 0.0 0.0 0.0 0.0 0.0 0.0 0.0 -174025486.32443574
3.5 -7.05 -9.87 -90.0 90.0 90.0 -90.0 90.0 -174025205.3571903
1.5 7.049999999999999 9.870000000000001 90.0 -90.0 -90.0 90.0 -90.0 -174025207.95334476
2.0 -3.5250000000000004 4.934999999999999 135.0 -45.0 -135.0 -45.0 135.0 -174025479.3200261
4.0 10.575000000000001 -14.805 -45.0 135.0 45.0 135.0 -45.0 -174025479.74488312
3.0 -10.575 14.804999999999996 45.0 45.0 135.0 -135.0 -135.0 -174025479.65957478
1.0 3.5250000000000004 -4.934999999999999 -135.0 -135.0 -45.0 45.0 45.0 -174025473.98208848
1.25 -5.2875 17.272499999999997 -22.5 22.5 -67.5 -22.5 157.5 -174025480.69315553
3.25 8.812499999999998 -2.467500000000001 157.5 -157.5 112.5 157.5 -22.5 -174025486.44838396
2.266231834592078 0.24595700372257906 1.630975174880193 -6.124048182072513 18.41981216183978 38.110967301826875 37.381553066584516 -18.622398828353937 -174025486.1823913
2.905848971168596 0.23512898388704165 -1.1959255587504554 -0.40458534838194554 52.76446845208603 0.24535704784731882 10.843780168019359 -34.91817831281742 -174025478.61370146
1.4351913827546054 -0.8777591146952706 8.828445746306391 161.16991757989229 -33.892946095787394 -157.33472695874386 -20.93465458812634 101.0830080240289 -174025484.641765
2.046644362945331 -3.4625585350838306 8.245155297334012 164.86418046364378 16.69768178072581 -114.3470544454317 -46.465017590458544 103.562636701163 -174025486.4484257
2.261383121712928 -2.2018466199150843 0.7738768864697688 29.48977641694291 31.574499397505924 -26.313783113936182 62.64496857494093 -5.396413044992666 -174025483.63661382
1.2531773593828632 -5.332046113680771 8.261508733211533 126.88983742633373 18.31091356603186 -145.71022279157626 10.63463501802537 125.32711639348008 -174025471.69398046
2.7985815619288847 -2.5398338036337935 7.5842665424242455 -9.95403344227078 22.66669299967999 -25.676000973248037 20.19011307098975 -31.310729019737376 -174025486.4950502
1.8854547797151449 2.8499409055205263 5.895898013941043 -6.731966518207186 66.92087305983947 -41.05390194057652 24.82519674929281 3.151554947405712 -174025447.83857644
2.1842644603304477 -4.836457618146282 2.71811717898642 42.52667892823103 9.028176335549636 23.950443636859593 -10.501908231322107 -55.809769052708766 -174025484.0622649
3.0175687610556112 -6.094262098963988 -1.1292442871472324 -18.35805894619998 -36.201411387270035 7.515613046620485 54.59545234059793 -46.50653526800387 -174025485.1196114
3.784739685719791 -3.524393766811333 4.510119747414633 50.61623088766898 -7.560204713179499 49.39776952287379 41.809156173526205 4.782688783569393 -174025479.56359532
2.078798503812522 -8.741443354720127 6.968643830575106 -4.804387994561559 -24.894243298737607 30.440177860930703 30.503963106696943 47.69796569427299 -174025485.7537174
3.1566602058975284 -7.811629156642072 11.543442370660859 -30.83278117339378 -22.262989995009555 101.82620028059077 -32.33186473258724 -51.443385856670055 -174025485.9450138
3.1774765311179474 -5.717680909853711 9.38665179444303 0.5294746285901816 -151.19577450308458 1.1601044640044733 -47.305698163216626 -1.316090932040367 -174025486.060621
2.7029749884444834 -6.27962903121874 17.039802967566295 56.180010937050675 2.336204421914551 -0.6365559088560172 -94.18211960810274 51.16355002957839 -174025473.5093056
3.8996549750059333 -14.1 12.493913630453212 36.52799349281757 -22.554986916589545 -36.983617824141824 -50.355278927574965 -83.87729766812583 -174025485.00113386
3.629080468235449 -11.081835334511835 4.6987432298105425 35.4187922910871 -40.58590436091456 -139.9066071341044 -0.7300943791207393 40.971092430958585 -174025483.32974276
2.9801046213509896 5.1087937144235385 -13.590639653503766 49.65411404137654 -40.7956668187618 75.23095182575737 139.69126357513906 26.327567009322888 -174025478.56889495
2.8314028877036983 -12.651709711076451 19.024720469311315 -99.47109540876714 -44.5326517656754 -91.4998204345866 -25.111943327562138 10.44482290580613 -174025414.58132496
4.382551136141624 -1.3393746489649971 10.74358772710745 21.092765853650853 -36.50552763626631 10.63935568720667 -145.11764563169302 -107.36028517916779 -174025485.05741122
4.5 -11.616174738906114 11.844954214787371 83.77994237353674 -142.99447003632397 116.0711949351167 -130.31792084777584 -53.20495723948185 -174025388.0359828
3.505037575615258 -6.551027671956293 0.30040612472076916 10.966362661362107 -68.50778132542514 -121.01193407002249 -126.63090916366488 -79.45648855583808 -174025425.91288093
4.228496967328498 -5.2103822802170985 17.87881883797345 27.510889508148754 114.95063242663878 28.351301305910845 -46.82478550604543 -105.29553359067823 -174025443.97083396
2.58638221535343 -12.540910349785891 11.098667828591452 121.9007987735987 -79.18744331371501 -45.70369190260921 21.985212829449022 10.995140544950033 -174025410.1160012
3.0420153199452145 3.463200737341631 12.457178688686247 0.19803313796217312 -58.19332963845085 80.14900167113163 -94.81349382044468 -15.04322854045897 -174025469.64240757
3.618496950614894 -2.567438477027012 5.119704402154691 -18.78634206779107 -104.01102326425622 -64.17515067714609 65.0549310221253 112.23416952584387 -174025428.94353858
2.0283561983637406 -3.777879011304904 3.5259670847067537 -9.796022201853104 -155.20545304026265 130.8767614273093 14.108950154481478 -13.098107025808712 -174025485.8684191
3.6912213286203635 -0.017842084855553275 6.349205195182793 -37.57902517529049 -145.9053043609849 64.76144546540438 -22.980513275512536 -143.36039995447175 -174025484.5031836
2.345284155992687 -7.287000792634659 18.5961607503461 -14.373234106083565 -105.03220787347699 13.547482452361276 -117.81099947300807 -180.0 -174025428.13757968
3.683741465309988 4.961259092789981 -4.04368310772505 44.386903874099374 -156.32851832594227 131.3166416259414 46.75958645949533 -60.54248002147168 -174025482.91946256
1.9736190189762715 1.704818459729896 -3.1400830125939305 106.7780097019431 -88.06744654427068 180.0 56.51571211137852 51.97213881555266 -174025292.32866478
3.547169519971954 -2.1895923930912997 -3.087379331492942 4.848239978025869 -93.17968091544377 107.23804638783636 -78.32969334623637 -68.68853349092421 -174025371.12097815
3.0002334211625374 -3.3659809275923376 10.596628179805608 -8.476610277751405 -113.72488397284496 57.97923155869478 57.132119994713676 -59.399358181400764 -174025451.29122517
1.3854490555312216 -4.5132352965292135 9.269957087291498 -26.67967947592838 -72.68567267619561 51.5061899232958 -56.78839949004997 -8.288257802515918 -174025409.47792998
3.594155359295845 -10.14283832423916 6.1624193730766335 3.3738601867376694 -17.93824842199549 -4.822502016085947 -30.6600804078367 3.979405233425813 -174025486.43846008
4.5 -3.4535541754266625 12.589986578427963 -30.190187869272123 -69.74511181833036 -11.975053582877596 -41.297713213181055 -75.06972907622509 -174025420.81815216
2.4807146906237283 -8.784075231372883 -0.13533544097473887 21.029006166808287 -111.11961761638253 -47.7978847881022 1.1372356565613368 15.998005033344846 -174025440.5577779
2.9538184155249234 -9.911024999233591 5.099625486501354 -8.04121736042416 63.93225565570569 69.71158254790826 37.11520528981732 -24.46691686487319 -174025458.99130824
2.6089780625398076 1.9588907140818432 -3.553297069339591 -30.74123595654368 -135.42552716588082 70.40825785769681 76.47048347344455 -29.823136421235876 -174025482.77036408
3.6427979045143575 5.567177950972909 -4.568239998027075 56.352355701440786 -133.86668876004512 52.07589760288362 150.9711280066395 -43.79688161268029 -174025469.7297412
3.411518907194566 -2.2530439283920276 6.501129004228825 76.79101338522193 63.15466239148761 -70.33952422931243 -43.904148896516304 44.551377195705705 -174025404.01965195
3.435075677247475 -13.734275013966775 15.124239894810586 -133.20711098069955 -137.73584431117493 -114.53453447105395 144.34097218677 -36.9880394593738 -174025479.84674972
0.5 10.996505801001536 -1.951382904803515 -3.027968247152028 -30.373118418474064 180.0 -180.0 86.18333890739044 -174025470.95035502
4.007142692757406 8.358100417418498 19.74 -39.94846709431497 -160.46230576092634 -154.6392416747265 118.62886062791709 106.56191033115057 -174025484.68619633
1.8948033954662584 5.60998769395663 19.74 -180.0 -172.02932320659974 -180.0 -127.55776877559555 12.399192223521295 -174025486.59104604
4.066414695878904 2.464014938750052 16.328744662481217 -59.321192485229 55.45875719415668 180.0 180.0 -180.0 -174025459.17458582
1.0902499650843445 5.654064563177914 19.74 83.1442066884051 -171.8258883290437 -180.0 23.48271106291992 -157.4724547285862 -174025394.36503053
3.822016431959025 1.1504203648924138 19.74 -180.0 -139.73406114156901 173.3126856132469 -5.216325409214688 140.31401404351095 -174025484.76450273
0.5 -10.639403720352556 5.685230295228194 -180.0 42.47294771197046 89.81785441457706 21.516371700205248 -180.0 -174025434.42774588
4.5 -2.6605819722628326 -8.345334384679038 -180.0 -167.88148207814422 -180.0 -23.90534421109199 117.63523919953575 -174025486.5532409
1.229799333034134 14.1 -1.1671995428240445 86.92995276441943 29.382536178042365 -51.07201657814301 -149.96587611746668 -180.0 -174025348.71506265
4.5 -6.727955109289938 19.74 55.191454010062124 -145.15140314928792 180.0 180.0 139.12256978219168 -174025473.89896917
3.907357438384021 -5.934486356348933 -14.036807498325071 80.64022382581456 -161.35740181993268 -180.0 134.69464057076064 180.0 -174025416.75542918
1.4014037932131571 -12.031600263294887 15.721369375434573 -180.0 -143.46831689574734 -180.0 -90.73266106621621 177.52790642685912 -174025484.49161255
4.017103409428927 11.813475082429017 6.563142996133979 -89.32368092709642 -144.12146422838467 -180.0 -149.07778266764433 180.0 -174025347.0153571
4.5 14.1 -2.747791282031057 -122.59340348601063 -33.63000721113397 180.0 -29.99968052137191 93.97639535489814 -174025470.27414542
4.414121422660098 -6.042914744340178 19.74 -180.0 -180.0 12.202211628248849 24.86195533572086 -19.48401859558756 -174025486.55137733
1.9303334914371142 -9.282156403310301 3.823520526502391 -180.0 -180.0 134.1797319394195 -155.87802820081842 124.88594540441382 -174025486.60824373
1.9129081876944996 -14.1 -19.54877668879342 180.0 -28.071148013055122 71.16599136729035 -75.81298797639836 -47.25860028082838 -174025483.84045485
0.5 6.363872219159513 -19.74 -169.53964921252194 -20.49018580887308 180.0 135.26763576976677 105.31905680837492 -174025477.24793008
3.7989690982908075 11.940202167405248 -19.74 -122.43254668879368 -14.931004271283127 180.0 180.0 -180.0 -174025470.86848903
3.426490088295192 -2.8184424314853795 -19.74 55.1027967787584 70.12171677137133 -139.54392758489908 180.0 -180.0 -174025424.19666272
4.5 7.884439155331691 -19.74 180.0 -27.22885263140498 -83.80656476292856 -87.00275237974284 98.7426635049046 -174025486.0899677
4.384528553247279 14.1 -14.108661285025125 -180.0 36.11170109660252 7.401254268578349 104.63673519488343 57.126312659831974 -174025485.43139073
4.5 6.398434087490002 19.74 78.434137333921 158.34549165620595 15.041903342621012 103.49379569807941 -180.0 -174025426.87797323
3.315140437152435 -10.983726278923811 -19.74 180.0 -27.716327290666953 -180.0 119.68971987142247 180.0 -174025486.00037697
0.7641689003926206 3.333208438739744 -19.74 180.0 -13.944765776410204 180.0 15.395619780368616 180.0 -174025479.26600948
4.5 6.020710697288421 19.74 -180.0 -139.78103971119833 180.0 180.0 -125.92180325763812 -174025484.7974492
1.6305529837276131 14.1 -19.74 -180.0 162.64624314055214 62.0685105394142 180.0 180.0 -174025480.32926267
0.5 -7.215549374253185 -19.74 180.0 -20.20317941108245 7.798817201584364 180.0 -143.75694184876386 -174025468.9898571
1.147009621863953 14.1 -19.74 115.95971031585714 142.1090386169077 -170.805082036849 180.0 180.0 -174025455.07108694
4.5 -5.6480554278186945 -19.74 -180.0 167.070352591256 12.155284345166448 180.0 74.35856165600687 -174025486.54339656
0.8600627995064772 -0.2964797871298241 -19.74 -180.0 156.31249594879824 180.0 180.0 -152.3126808173804 -174025477.73830745
1.3049421960696692 -2.558193271063282 8.35747936250136 -180.0 148.71825060756944 -180.0 180.0 109.37172666051221 -174025484.10552573
0.5640695460061269 -5.675511586003115 -15.205858960411485 -126.8091518494308 180.0 15.544023455750606 38.83642062013927 151.49204502176232 -174025453.32088807
1.9717212068293566 13.978562491182407 19.74 -180.0 35.54546144357579 180.0 46.84223627932887 180.0 -174025485.50952294
2.1765946991182 14.1 19.74 -180.0 -44.438559447685385 180.0 -180.0 -180.0 -174025482.8151992
3.7850586485186803 13.404365445216767 -19.74 -180.0 176.66599953963765 -180.0 180.0 -156.10479626371136 -174025486.5094489
0.5 14.1 19.74 -128.02962654866505 -21.58408532542252 180.0 54.445838056277694 -121.59938811872878 -174025456.7969563
0.583132455957018 -14.1 19.74 -180.0 -119.23950279977537 180.0 62.83982259838213 103.80215823255476 -174025457.48374382
1.5291168755120126 -14.1 -19.74 180.0 19.251762270951154 180.0 -152.22869213296568 180.0 -174025485.0629044
4.5 12.640583667581543 -19.74 -180.0 163.29561319376944 -180.0 -8.511969734480608 109.07266685676646 -174025486.50399315
3.211294639484784 -1.817001405483217 -19.74 -180.0 20.45779959803425 180.0 -45.24927022302151 180.0 -174025486.46558684
4.5 -6.368381731457993 8.87654066558058 -180.0 37.78102064708409 180.0 138.3246168509305 180.0 -174025485.22886065
0.609665886491936 14.1 -8.924511967616498 -180.0 148.86242559275442 -180.0 21.75447407781953 -135.08781336298574 -174025467.72671673
4.5 14.1 8.569919575003999 -180.0 180.0 180.0 -170.99254492761713 180.0 -174025486.57033813
4.5 5.868441517821925 -19.74 -180.0 180.0 180.0 -35.28888492652156 -171.07215436856467 -174025486.56805494
4.5 14.1 -19.74 27.538415443299634 161.6405462580801 180.0 -180.0 6.985203555390564 -174025485.96989077
4.5 -1.7519683810643716 3.1918644260246167 -125.99129448506977 168.94031325940028 -177.28719262435004 -180.0 -43.36761708503369 -174025476.34087557
1.189759894484685 14.1 8.416583195289975 82.37331147369284 180.0 175.65054082530708 -180.0 179.9977005221227 -174025399.25171578
4.5 14.1 7.1228191893102055 -180.0 147.40404721546997 180.0 -166.06872252301875 -173.7417486723431 -174025485.66091198
3.777148536690203 -14.1 -12.92790945166744 74.18137535541106 146.55153354070686 -180.0 180.0 180.0 -174025424.62094903
4.5 10.702857824056366 12.367754527313936 -180.0 180.0 180.0 113.97566109067938 128.8099884462496 -174025486.57710645
4.3457397014574735 14.1 -4.163980274806756 -180.0 -179.32263902568792 180.0 180.0 63.829363714069814 -174025486.5571974
0.5 -5.836135614872431 -19.74 -151.553641127082 -21.823853372321565 180.0 -138.74253193628715 -180.0 -174025473.1025808
4.5 -0.8761143402903995 19.74 -180.0 151.36774471304145 180.0 -32.634688970133844 180.0 -174025485.98078236
4.5 -9.015841991834293 -19.74 55.317321846356165 155.93251535272736 180.0 -180.0 -180.0 -174025474.4249456
3.662833820947943 -14.1 9.067964395141932 -180.0 157.21194125637183 180.0 23.675075277406346 -180.0 -174025486.27052653
0.5 -14.1 19.74 -92.77186331499308 147.59982700407284 -118.10855154501743 -128.59363157895422 -180.0 -174025340.1378224
0.5 10.562701749630678 -19.74 -180.0 34.00634489593686 -180.0 83.79336439800149 180.0 -174025469.58656806
3.305824033742245 -14.1 -19.74 -180.0 -144.04583012177017 180.0 -26.39205300785847 55.67222958947187 -174025485.39194578
3.1372892693585976 14.1 19.74 -180.0 132.63549172933745 180.0 180.0 180.0 -174025481.5855246
0.5 8.656443220096925 19.74 -180.0 118.5377298191247 180.0 180.0 -180.0 -174025452.64550465
3.3253281645335435 14.1 17.8351677369474 -180.0 1.9186398253290946 -180.0 180.0 180.0 -174025486.48951954
3.286822268672781 14.1 19.74 180.0 -32.44784264848034 180.0 -64.05686472050697 -180.0 -174025485.74736455
4.5 14.1 -19.74 180.0 127.7106613462974 180.0 -96.754860461166 -180.0 -174025477.99339232
4.5 14.1 -19.74 -62.07255504332008 180.0 180.0 -89.00860501502184 -180.0 -174025463.64827552
1.69600641506259 14.1 -19.74 -180.0 -87.71502805202239 180.0 130.69680052803074 -180.0 -174025352.27961397
0.5 4.451072614389545 19.74 -112.72463441375201 -177.88013991477644 180.0 180.0 -180.0 -174025406.23074538
0.5 -14.1 -19.74 180.0 127.96646468314506 180.0 -180.0 -180.0 -174025469.65130225
4.5 -14.1 -19.74 -37.81271052567377 16.436384285716723 -180.0 180.0 146.23835275250968 -174025485.12907335
4.5 -8.899867276865523 19.74 151.73572611466136 133.9533481707962 180.0 -59.544012099214825 180.0 -174025481.88182193
4.5 14.1 -4.757105565526428 -149.3033725750348 71.23195554779872 180.0 -180.0 180.0 -174025431.5655467
4.5 -14.1 19.74 180.0 -135.4393950743374 -179.7316994610173 -180.0 -180.0 -174025483.56640652
0.5 -14.1 -19.74 -51.59195467447566 -180.0 180.0 180.0 -180.0 -174025457.4485742
1.1218315256963343 14.1 17.569163570922132 180.0 176.5515555880234 -180.0 180.0 176.95506367547216 -174025481.36871755
4.5 14.1 -19.74 148.84642131691626 65.3589011711555 180.0 180.0 180.0 -174025453.480136
4.5 -14.1 -19.74 151.42188763959228 180.0 -180.0 -180.0 73.63992728078422 -174025486.05575156
4.5 -14.1 17.638837023076455 -154.1909924065113 -58.854891687250166 -180.0 -180.0 180.0 -174025467.86578754
0.5 -14.1 -19.74 180.0 -180.0 -180.0 -180.0 180.0 -174025459.39057308
0.5 -14.1 19.74 135.63095000173314 180.0 -180.0 -180.0 -180.0 -174025460.55058804
4.5 14.1 -19.74 -14.573834975908321 180.0 -180.0 -180.0 -180.0 -174025486.52824858
4.5 14.1 19.74 -33.78916895770869 180.0 180.0 -180.0 -180.0 -174025485.6494286
0.5 -14.1 -19.74 -21.909569188787568 180.0 180.0 180.0 -180.0 -174025459.19145858
4.5 14.1 19.74 -147.30106176296067 180.0 -180.0 180.0 -180.0 -174025485.66691536
4.5 14.1 -19.74 180.0 -120.2723920996031 180.0 -180.0 -180.0 -174025469.44217888
0.5 14.1 19.74 180.0 85.5277270719053 180.0 180.0 -180.0 -174025379.5312045
4.5 -14.1 19.74 143.09076961927065 -180.0 -180.0 -180.0 180.0 -174025485.32290334
0.5 14.1 19.74 4.831061823056535 -180.0 -180.0 180.0 -180.0 -174025459.82277283
0.5 -14.1 -19.74 151.1567024948777 -111.84049361840484 -180.0 -180.0 -180.0 -174025423.89344195
0.5 14.1 -19.74 -46.817804393127595 -2.3909263875179767 180.0 180.0 -180.0 -174025464.13210487
4.5 14.1 19.74 -2.8613595521543176 180.0 64.2911537810932 180.0 180.0 -174025486.62341926
4.5 -14.1 -19.74 140.57417922254268 99.27249785873302 -180.0 -180.0 -180.0 -174025413.68473604
0.5 -14.1 -19.74 162.23818403085 180.0 180.0 180.0 180.0 -174025458.97999594
4.5 14.1 19.74 180.0 -98.88140623052686 180.0 180.0 180.0 -174025421.3990904
4.5 14.1 -19.74 144.78631514842704 -6.771262607753543 180.0 -180.0 -180.0 -174025485.51353323
0.5 -14.1 19.74 11.131007480633254 180.0 -180.0 -180.0 180.0 -174025460.20651028
4.5 -14.1 19.74 180.0 180.0 180.0 -180.0 -180.0 -174025486.56497246
4.5 14.1 -19.74 -21.924493032458976 -180.0 -180.0 180.0 -180.0 -174025486.3880864
0.5 14.1 -19.74 26.471496398819433 180.0 -180.0 180.0 -180.0 -174025462.03204304
0.5 14.1 -19.74 -40.16934141397211 180.0 -180.0 -180.0 180.0 -174025460.9388636
4.5 14.1 -19.74 -148.56262821939572 -180.0 180.0 -180.0 -180.0 -174025485.77418303
4.5 14.1 19.74 180.0 -180.0 -180.0 180.0 180.0 -174025486.56497246
4.5 -14.1 -19.74 -146.13752660166804 5.796608173453038 -180.0 180.0 180.0 -174025485.55937842
0.5 -14.1 -19.74 -150.96499673046816 -180.0 -40.20507949836648 180.0 180.0 -174025455.82733598
4.5 14.1 19.74 -155.0589436666964 1.4237278491089926 -180.0 -180.0 -180.0 -174025486.2332909
4.5 -14.1 -19.74 144.10995972417004 -9.879518509895826 180.0 180.0 180.0 -174025485.43289268
0.5 -14.1 -19.74 133.01568069238908 -180.0 -180.0 180.0 180.0 -174025459.8403042
4.5 -14.1 19.74 -25.720259476832528 138.7967554930529 -180.0 -180.0 -180.0 -174025483.90462923
4.5 -14.1 -19.74 -11.103641147395914 142.1518897928807 180.0 -180.0 180.0 -174025485.00266162
0.5 -14.1 19.74 -155.6066261459574 180.0 -180.0 -180.0 -180.0 -174025461.65682697
4.5 -14.1 -19.74 -148.8932061932131 127.42389993581813 -180.0 180.0 -180.0 -174025476.93742284
4.5 -14.1 -19.74 -147.2338646985257 -121.37740344437826 -180.0 -180.0 -180.0 -174025470.56839377
4.5 -14.1 19.74 180.0 -180.0 180.0 180.0 -180.0 -174025486.56497246
4.5 -14.1 19.74 -59.765951310666345 11.7877482027492 -180.0 -180.0 -180.0 -174025468.89408132
0.5 -14.1 -19.74 28.592080859679243 -180.0 -180.0 -180.0 180.0 -174025462.25822106
0.5 14.1 -19.74 -126.92411174480598 -72.7915061162108 -180.0 180.0 180.0 -174025394.26769418
4.5 -14.1 19.74 -42.91101572767375 180.0 -180.0 180.0 180.0 -174025484.04060692
4.5 14.1 19.74 146.0371697458462 180.0 180.0 180.0 -180.0 -174025485.63589373
0.5 -14.1 19.74 118.05519334338297 93.71341612078267 180.0 180.0 180.0 -174025338.08948982
0.5 14.1 19.74 -14.519548536976027 139.16341992604728 180.0 180.0 -180.0 -174025471.88952246
4.5 11.745552707952449 -19.74 -180.0 133.3779802933845 -180.0 -180.0 180.0 -174025482.08466554
1.915972142833805 14.1 19.74 -180.0 131.79103443809694 180.0 -180.0 180.0 -174025480.7764332
2.067055521300024 -14.1 19.74 -180.0 52.27223740561848 -180.0 180.0 180.0 -174025478.87966353
1.9985210645660743 -14.1 -19.74 180.0 49.523936805610845 180.0 180.0 180.0 -174025480.83057085
4.5 14.1 -19.74 180.0 13.759328008837544 -180.0 180.0 180.0 -174025486.53045383
2.2975991409843157 14.1 19.74 180.0 124.78653146116491 -180.0 -180.0 -180.0 -174025474.3233643
2.157736196779424 14.1 -19.74 180.0 -45.435444792174245 -180.0 -180.0 -180.0 -174025482.3742489
0.5 14.1 -19.74 180.0 123.03236035713756 180.0 -180.0 180.0 -174025463.5858269
4.5 14.1 -19.74 180.0 17.29411915445541 180.0 -180.0 180.0 -174025486.49197125
4.5 -14.1 -19.74 180.0 30.76870851036379 -180.0 -180.0 180.0 -174025485.90515924
4.5 3.975489544412228 19.74 180.0 -32.635437529377484 -180.0 180.0 -180.0 -174025485.65210623
0.5 -2.0454834676543254 -19.74 180.0 -52.81068848146049 180.0 -180.0 -180.0 -174025469.01084578
0.5 14.1 19.74 -82.5583845886434 12.815275354969636 -180.0 180.0 180.0 -174025382.25291362
4.5 14.1 19.74 -140.2061679213017 138.8052202646117 180.0 180.0 180.0 -174025482.3324736
4.5 14.1 -19.74 -33.23859495731228 43.89403429153724 180.0 -180.0 180.0 -174025482.89567393
4.5 -14.1 19.74 38.60325938391327 180.0 -180.0 180.0 -180.0 -174025484.91865492
4.5 -14.1 19.74 180.0 139.16540377355935 -180.0 180.0 180.0 -174025484.35690555
4.5 14.1 19.74 127.92024830059678 -180.0 180.0 180.0 -180.0 -174025479.1811726
4.5 -14.1 19.74 121.81820816972959 -17.37004027949256 180.0 180.0 -180.0 -174025471.8460337
4.5 -14.1 -19.74 117.11787627364781 180.0 180.0 180.0 -180.0 -174025461.84882942
0.5 -14.1 19.74 -135.22911290261516 35.65856962399612 180.0 180.0 -180.0 -174025462.35892656
4.5 14.1 -19.74 -70.47805006149765 -44.198981581368 180.0 -180.0 -180.0 -174025430.8254475
0.5 14.1 -19.74 154.10596266626845 147.65301210311668 -180.0 180.0 -180.0 -174025458.08964083
4.5 -14.1 -19.74 -180.0 -23.225835807331674 -180.0 -180.0 -180.0 -174025486.30374527
0.5 -14.1 19.74 -152.64544672469532 -149.32917430155746 180.0 -180.0 -180.0 -174025458.2415826
4.5 -14.1 19.74 -159.09639456802464 -22.850861557666082 180.0 180.0 -180.0 -174025486.15694228
0.5 14.1 19.74 159.08571451754517 -180.0 180.0 -180.0 -180.0 -174025459.06577542
4.5 -14.1 -19.74 -116.43991151045437 7.193043806054659 -180.0 -180.0 180.0 -174025452.68354535
0.5 14.1 19.74 39.52456887808222 -134.1643015099887 180.0 -180.0 180.0 -174025456.73174137
0.5 14.1 19.74 54.62667377081324 113.58545199374096 -180.0 -180.0 180.0 -174025404.42185682
0.5 -14.1 -19.74 -151.62647648405488 131.82173651050812 180.0 -180.0 180.0 -174025465.311241
4.5 -14.1 19.74 154.30056355801648 -65.23776581052839 -180.0 -180.0 -180.0 -174025444.416167
0.5 -14.1 -19.74 -40.83714225516113 47.7645633541516 -180.0 -180.0 -180.0 -174025454.37793675
4.5 14.1 19.74 -151.71750166081367 -153.78996240373985 -180.0 180.0 180.0 -174025485.65570664
0.5 14.1 19.74 21.167504822053246 -42.16183080023518 -180.0 180.0 -180.0 -174025470.45921132
4.5 14.1 19.74 136.79975245329638 -133.43543401602616 -180.0 180.0 180.0 -174025480.1181064
4.5 14.1 -19.74 129.7091109535267 -160.26660239255398 180.0 -180.0 180.0 -174025480.40617445
4.5 -14.1 -19.74 7.559137420243262 148.60635565122433 -180.0 180.0 -180.0 -174025485.75111037
0.5 -14.1 19.74 -71.53717124127695 -101.09572936787683 180.0 180.0 -180.0 -174025357.03234464
0.5 14.1 -19.74 18.224283429515054 -143.45241348550942 -180.0 180.0 180.0 -174025469.01976988
4.5 14.1 19.74 -38.742288820757494 95.04595574839887 -180.0 180.0 180.0 -174025374.00776657
0.5 -14.1 -19.74 94.45158133341037 -22.259531109205856 180.0 180.0 180.0 -174025376.58439636
4.5 14.1 19.74 124.17384106268466 180.0 -180.0 -180.0 180.0 -174025475.4450175
4.5 -14.1 -19.74 -125.38878858630851 -180.0 -180.0 -180.0 180.0 -174025475.610575
0.5 -14.1 -19.74 21.96391234316548 75.46964791878835 180.0 -180.0 180.0 -174025419.34215584
4.5 14.1 19.74 -133.7629580792855 -98.8873279095744 180.0 180.0 -180.0 -174025417.22535726
4.5 14.1 19.74 143.59247526502793 24.392685572541527 180.0 180.0 -180.0 -174025485.11116666
0.5 -14.1 19.74 -31.09576172055856 -180.0 -180.0 -180.0 180.0 -174025460.14929298
0.5 14.1 19.74 180.0 -144.12215596612202 180.0 -180.0 180.0 -174025471.72728202
4.5 -14.1 -19.74 145.11620023142217 35.228414031744165 180.0 -180.0 -180.0 -174025484.49432188
4.5 14.1 19.74 168.6136321007241 160.6873769957331 180.0 -180.0 180.0 -174025486.4211809
4.5 14.1 19.74 -14.37378872189261 -26.5244913994185 -180.0 180.0 180.0 -174025486.08500838
0.5 14.1 -19.74 148.87539338383223 31.0483937094739 -180.0 180.0 180.0 -174025454.94529733
4.5 -14.1 19.74 -180.0 91.9657685649016 -180.0 -180.0 180.0 -174025348.71155837
0.5 14.1 -19.74 -140.18402061830645 31.639193567900577 -180.0 -180.0 180.0 -174025463.86697957
0.5 14.1 -19.74 145.47791195010095 -56.960124711138086 180.0 180.0 -180.0 -174025447.03102577
0.5 -14.1 19.74 33.453842746398344 150.2372231598372 180.0 180.0 -180.0 -174025468.93483624
4.5 -14.1 19.74 121.01764457128722 146.49586345454935 180.0 -180.0 -180.0 -174025469.48478952
4.5 14.1 19.74 -25.884649340642692 152.4678457792852 -180.0 180.0 180.0 -174025485.70120734
0.5 14.1 -19.74 40.32480908782651 -19.157490487679592 -180.0 -180.0 180.0 -174025473.51595414
4.5 14.1 19.74 -98.46949725608194 180.0 180.0 180.0 180.0 -174025410.84636456
0.5 -14.1 -19.74 -41.499759580995416 143.126670565529 180.0 -180.0 180.0 -174025463.19137767
4.5 -14.1 -19.74 -148.27701933842116 180.0 180.0 -180.0 180.0 -174025485.75047466
0.5 -14.1 19.74 34.57901350706428 -141.24141934608 -180.0 180.0 -180.0 -174025457.6360152
4.5 -14.1 19.74 16.864534781275612 -180.0 180.0 180.0 180.0 -174025486.49867308
4.5 -14.1 19.74 -154.4248641055545 33.9821558311788 -180.0 -180.0 180.0 -174025485.26660913
0.5 -14.1 -19.74 -53.79682647827083 -31.437914613524327 -180.0 180.0 180.0 -174025464.12091044
0.5 -14.1 19.74 141.85582611307981 -6.384019738636896 180.0 -180.0 -180.0 -174025469.86249787
4.5 14.1 19.74 180.0 43.51747045599004 180.0 -180.0 -180.0 -174025483.90793914
4.5 14.1 -19.74 -5.675746506134096 114.43334465693903 180.0 180.0 -180.0 -174025441.43600002
4.5 14.1 19.74 126.98167010598567 -3.4482427668985602 180.0 -180.0 180.0 -174025478.3943861
4.5 -14.1 19.74 19.989269293162554 24.252122253198987 180.0 -180.0 -180.0 -174025486.16127273
0.5 -14.1 19.74 133.50028651329532 -149.69551130472925 180.0 -180.0 -180.0 -174025460.23981178
4.5 14.1 -19.74 180.0 -161.95293554117504 -180.0 -180.0 -180.0 -174025486.48124486
4.5 -14.1 -19.74 180.0 88.80919411674876 -180.0 -180.0 180.0 -174025352.11587265
4.5 -14.1 -19.74 3.8601912104075735 -180.0 180.0 -180.0 -180.0 -174025486.56424278
0.5 -14.1 19.74 145.70577062879178 49.54273778622805 -180.0 -180.0 180.0 -174025453.0141665
4.5 -14.1 19.74 -180.0 -43.36867604513819 -180.0 180.0 180.0 -174025483.54114285
4.5 -14.1 -19.74 -85.15238459090241 32.86336505454712 180.0 -180.0 -180.0 -174025385.07249764
4.5 14.1 -19.74 -156.0649409872355 -29.301131333598605 -180.0 -180.0 180.0 -174025485.63546926
4.5 -14.1 19.74 180.0 16.834725465638186 180.0 180.0 -180.0 -174025486.49836028
0.5 -14.1 -19.74 11.61480200329625 132.176046028217 -180.0 -180.0 180.0 -174025471.92492935
4.5 14.1 -19.74 92.77614211113774 114.39263081809577 -180.0 -180.0 -180.0 -174025319.35852945
4.5 14.1 19.74 -39.106701511514096 28.820825991398035 180.0 180.0 -180.0 -174025484.4403116
4.5 14.1 -19.74 -147.67174989335777 152.03091771853278 -180.0 -180.0 180.0 -174025485.15239266
4.5 14.1 19.74 -58.36646476298736 -180.0 180.0 -180.0 180.0 -174025471.50906566
0.5 -14.1 19.74 -141.10097410294438 77.44614539719605 -180.0 180.0 -180.0 -174025410.65292534
4.5 14.1 -19.74 -26.026992944827843 1.0934214277046037 180.0 -180.0 180.0 -174025486.210543
4.5 -14.1 -19.74 38.30930875224382 -137.26184369971065 -180.0 -180.0 180.0 -174025482.55232513
0.5 -14.1 19.74 -144.31168053672508 152.9345821948659 180.0 180.0 -180.0 -174025471.6494922
4.5 14.1 -19.74 -145.62068486436743 29.42585968079043 180.0 180.0 -180.0 -174025484.93834698
4.5 -14.1 -19.74 -14.98236166382513 -142.10179610823442 -180.0 180.0 -180.0 -174025485.16675806
4.5 -14.1 19.74 120.33694994668215 48.59369481548158 180.0 180.0 -180.0 -174025464.30437845
4.5 14.1 19.74 26.87244052271918 5.7863472311595565 -180.0 180.0 180.0 -174025486.11843523
4.5 -14.1 -19.74 180.0 164.6555423335025 -180.0 180.0 -180.0 -174025486.50992066
4.5 14.1 -19.74 -132.59485855106465 -147.3782221651751 180.0 -180.0 -180.0 -174025480.9463661
4.5 14.1 -19.74 41.28107588301986 28.811375712144876 180.0 -180.0 180.0 -174025483.76437402
0.5 -14.1 -19.74 180.0 -141.4548266220399 -180.0 180.0 -180.0 -174025472.2573162
4.5 -14.1 19.74 135.74161872145731 160.73888663204485 180.0 180.0 180.0 -174025483.4813101
0.5 -14.1 -19.74 41.43198910320214 -64.37088403042718 180.0 -180.0 180.0 -174025427.90590698
0.5 -14.1 19.74 -180.0 -22.520959878230606 -180.0 -180.0 180.0 -174025471.1907627
4.5 14.1 -19.74 50.509794359622255 -180.0 180.0 180.0 180.0 -174025479.65850067
4.5 -14.1 -19.74 151.04857770233644 -139.24437587949032 180.0 -180.0 -180.0 -174025484.1291086
4.5 -14.1 19.74 -65.60698438771227 -15.733934923197802 180.0 -180.0 180.0 -174025452.65853968
4.5 -14.1 -19.74 180.0 -147.44322496319683 180.0 180.0 180.0 -174025485.7681248
4.5 14.1 19.74 70.43252080991212 -34.21511527172821 -180.0 -180.0 -180.0 -174025419.146836
4.5 14.1 -19.74 37.27968629476223 143.30941364444035 -180.0 180.0 180.0 -174025483.77140325
0.5 -14.1 -19.74 48.65343079462592 180.0 -180.0 -180.0 180.0 -174025459.13723192
4.5 -14.1 -19.74 -38.51133472196199 157.2297393201207 180.0 180.0 -180.0 -174025484.83150896
4.5 14.1 -19.74 25.536382539972145 -133.97340305385475 180.0 180.0 -180.0 -174025482.60789913
4.5 14.1 19.74 -18.385867977784542 -137.10605351567625 -180.0 -180.0 180.0 -174025484.02857587
0.5 14.1 -19.74 131.03611401914165 162.05318361869462 180.0 -180.0 180.0 -174025470.64250222
0.5 14.1 -19.74 180.0 161.5161914500386 180.0 -180.0 -180.0 -174025470.33661488
4.5 14.1 19.74 34.67407254934799 -180.0 -180.0 -180.0 -180.0 -174025485.4819251
4.5 14.1 -19.74 10.91681954477438 -43.79838445960537 -180.0 180.0 180.0 -174025483.35768938
4.5 14.1 19.74 28.439603294529533 57.681755924281084 -180.0 -180.0 180.0 -174025472.4112037
0.5 14.1 19.74 -148.68308590175252 8.019165442016963 180.0 -180.0 180.0 -174025447.87571475
4.5 -14.1 -19.74 -129.4303489294436 46.46359910945324 -180.0 180.0 180.0 -174025475.79706374
4.5 14.1 19.74 -55.87375019695464 154.40203305437888 -180.0 -180.0 180.0 -174025474.8949275
4.5 14.1 19.74 10.771066265379607 146.11878112269795 -180.0 -180.0 -180.0 -174025485.51977283
0.5 14.1 19.74 -146.73897173043932 121.51274725540121 -180.0 180.0 180.0 -174025451.61248595
4.5 14.1 19.74 142.0416775373893 -21.125426204609386 -180.0 180.0 -180.0 -174025484.99437544
0.5 -14.1 -19.74 -115.99779228492407 -113.7427238706453 180.0 -180.0 -180.0 -174025396.48758918
0.5 -14.1 -19.74 -25.75010621265828 -2.822158855864703 -180.0 -180.0 -180.0 -174025464.4791794
4.5 -14.1 -19.74 -142.6993362610578 -48.08407003443766 180.0 180.0 -180.0 -174025479.81268093
4.5 14.1 19.74 180.0 -1.783938427964493 -180.0 -180.0 -180.0 -174025486.56492448
0.5 14.1 19.74 13.74010343033043 23.594980699337604 -180.0 -180.0 -180.0 -174025464.72078773
4.5 14.1 -19.74 122.48512169800551 -45.61147906744747 180.0 -180.0 -180.0 -174025469.05431235
0.5 14.1 -19.74 -34.98018195971547 -155.83415634501802 -180.0 -180.0 -180.0 -174025460.56984687
0.5 14.1 19.74 -157.82478873941767 -43.380833001563005 -180.0 180.0 -180.0 -174025470.40842825
4.5 14.1 -19.74 -30.209829628487324 -180.0 180.0 -180.0 180.0 -174025485.9363472
0.5 14.1 19.74 -48.58063428214479 156.635168386474 -180.0 180.0 -180.0 -174025470.40765396
0.5 14.1 19.74 180.0 141.66416952901298 180.0 180.0 -180.0 -174025474.74407837
0.5 14.1 19.74 180.0 33.26300748933359 -180.0 180.0 -180.0 -174025471.29799724
4.5 14.1 -19.74 105.03235900807553 -180.0 180.0 -180.0 180.0 -174025428.27771288
0.5 -14.1 19.74 -51.54716791241008 39.40767340175638 180.0 180.0 180.0 -174025460.93326917
4.5 14.1 -19.74 138.2142967777902 144.37843017283268 -180.0 -180.0 180.0 -174025483.14617115
4.5 -14.1 19.74 52.605356555611195 31.123514378027156 -180.0 180.0 180.0 -174025477.1884796
4.5 14.1 -19.74 6.22864729474065 -180.0 -180.0 -180.0 180.0 -174025486.5623126
0.5 14.1 -19.74 -1.8852832095901246 -133.9062212824482 180.0 -180.0 -180.0 -174025472.3643393
4.5 -14.1 -19.74 -82.41296143464204 -180.0 -180.0 -180.0 180.0 -174025411.1493269
0.5 14.1 -19.74 -155.97903506959256 54.46830262648963 -180.0 180.0 180.0 -174025464.8760661
0.5 -14.1 19.74 -15.028117702046936 -131.90422760053255 -180.0 -180.0 180.0 -174025469.1826416
4.5 -14.1 -19.74 131.29780976324423 -155.1862561180373 -180.0 180.0 -180.0 -174025481.25439167
0.5 -14.1 -19.74 24.562009019366663 -10.585130736726017 180.0 180.0 180.0 -174025471.94548762
4.5 14.1 19.74 -129.94162673069468 25.676850716472387 -180.0 180.0 180.0 -174025479.67208862
4.5 -14.1 -19.74 -149.2049824585271 -135.51918487539456 180.0 180.0 180.0 -174025482.84158498
4.5 -14.1 19.74 -133.1478414752386 -26.163051680067873 -180.0 180.0 180.0 -174025481.6419823
0.5 -14.1 -19.74 -180.0 -48.4877390457886 180.0 -180.0 180.0 -174025472.10197896
4.5 14.1 -19.74 124.49396742332523 45.400079098127414 -180.0 -180.0 180.0 -174025472.47276625
0.5 14.1 -19.74 132.6357224356729 -14.716894922676397 -180.0 180.0 180.0 -174025470.6413407
4.5 14.1 19.74 142.02705387924263 -105.47578878798372 180.0 180.0 -180.0 -174025426.6864254
4.5 14.1 -19.74 164.73390751989 -133.22170983624423 -180.0 180.0 180.0 -174025482.59920606
0.5 14.1 -19.74 -12.53395542040054 152.42519274264964 -180.0 -180.0 -180.0 -174025470.27712855
4.5 14.1 -19.74 4.223236973204351 26.26744649852843 -180.0 -180.0 180.0 -174025486.20128116
4.5 14.1 -19.74 53.841010732558125 180.0 180.0 180.0 -180.0 -174025476.61132511
4.5 14.1 19.74 47.10825423803966 165.5486070551188 180.0 -180.0 180.0 -174025481.88968346
4.5 -14.1 19.74 -34.669568666454275 -180.0 180.0 -180.0 -180.0 -174025485.5685935
4.5 14.1 -19.74 20.138476617674115 -170.41978841085808 180.0 180.0 -180.0 -174025486.4186502
4.5 14.1 19.74 43.30052611836579 -107.63843714449644 -180.0 180.0 180.0 -174025426.2841491
4.5 -14.1 19.74 142.32941982731865 8.472338993590446 -180.0 -180.0 180.0 -174025485.2099219
4.5 -14.1 -19.74 -20.652519939953162 46.98338502325977 -180.0 180.0 180.0 -174025482.38778272
4.5 14.1 -19.74 -127.29003334357022 133.88663596519143 -180.0 -180.0 -180.0 -174025473.50920472
4.5 -14.1 19.74 -20.626937120118203 -1.2053546943059061 180.0 180.0 -180.0 -174025486.4269674
4.5 14.1 -19.74 -180.0 -129.9714431259354 -180.0 -180.0 -180.0 -174025480.83435693
0.5 -14.1 -19.74 -132.2117716968087 -156.10354594599036 -180.0 -180.0 180.0 -174025462.21732563
4.5 14.1 -19.74 122.40737593979986 9.46845576193882 -180.0 180.0 -180.0 -174025472.91000828
4.5 14.1 -19.74 -49.25680859915625 -17.26932966025875 -180.0 -180.0 -180.0 -174025481.09552425
4.5 14.1 19.74 180.0 -55.89366968599293 180.0 180.0 180.0 -174025473.62969315
0.5 14.1 -19.74 -180.0 -138.99442957439334 -180.0 180.0 180.0 -174025472.57697856
0.5 -14.1 -19.74 -6.940312196918656 42.559512159088115 180.0 -180.0 180.0 -174025472.24677172
4.5 14.1 19.74 -180.0 -4.000354954142649 180.0 -180.0 -180.0 -174025486.56409898
0.5 -14.1 19.74 50.82527608708362 -27.451359851297884 180.0 180.0 180.0 -174025467.70214024
4.5 14.1 -19.74 156.12947428225306 -180.0 180.0 180.0 180.0 -174025486.3169912
0.5 14.1 -19.74 146.2349491074076 -146.47160005704666 -180.0 -180.0 180.0 -174025451.0225578
4.5 14.1 -19.74 -132.31199248114862 159.95174187435327 180.0 180.0 -180.0 -174025481.4512728
0.5 14.1 19.74 139.8096388420968 128.2529291661716 -180.0 -180.0 -180.0 -174025456.4470549
4.5 14.1 19.74 -132.8573332909419 48.20027271023142 -180.0 -180.0 -180.0 -174025477.22523338
4.5 14.1 19.74 -46.04583266971748 -118.1944462125006 -180.0 -180.0 -180.0 -174025461.36261287
4.5 -14.1 -19.74 147.72710167146417 -41.210646842803776 180.0 -180.0 180.0 -174025483.45192185
0.5 14.1 -19.74 49.07497123380467 46.43092054897637 180.0 180.0 180.0 -174025456.67265815
4.5 -14.1 19.74 -140.60817766589875 -180.0 180.0 180.0 180.0 -174025484.75702277
0.5 14.1 19.74 -46.69958179769597 -37.66127285910512 180.0 -180.0 -180.0 -174025463.2350186
0.5 -14.1 -19.74 54.89561074158922 -180.0 180.0 -180.0 -180.0 -174025453.70068288
0.5 -14.1 -19.74 -23.340874890152914 116.41759348919001 -180.0 -180.0 -180.0 -174025436.77915153
4.5 14.1 -19.74 -55.323932935947745 39.560977107770135 -180.0 180.0 180.0 -174025474.30300725
4.5 14.1 19.74 -12.263189759058738 -180.0 180.0 180.0 180.0 -174025486.54473725
0.5 -14.1 19.74 -62.660907707784766 180.0 180.0 -180.0 180.0 -174025440.5709442
4.5 -14.1 19.74 5.038624593794508 37.858328940458506 180.0 180.0 180.0 -174025485.20765358
4.5 14.1 19.74 165.32537203039323 39.68573485929094 180.0 180.0 180.0 -174025484.85425958
4.5 14.1 19.74 163.9081911817215 -6.216327185067886 180.0 180.0 180.0 -174025486.50972477
4.5 -14.1 19.74 17.34120202410247 142.2535764041547 180.0 180.0 180.0 -174025484.95712572
4.5 14.1 -19.74 26.179034598279465 50.319125290659755 180.0 180.0 -180.0 -174025480.19577685
4.5 -14.1 19.74 -4.307690352581271 166.69903113748774 180.0 -180.0 -180.0 -174025486.53021613
0.5 -14.1 19.74 -4.095399605716547 -49.26335041385255 -180.0 180.0 180.0 -174025471.2601313
0.5 -14.1 19.74 -46.987382309288904 -6.404981797544891 -180.0 -180.0 180.0 -174025468.83731657
4.5 14.1 19.74 127.16290058052932 159.38977648093112 -180.0 180.0 -180.0 -174025478.3918285
0.5 14.1 -19.74 -22.549833849047964 48.308320378918566 180.0 180.0 -180.0 -174025463.962644
4.5 -14.1 -19.74 -180.0 8.067431665723728 -180.0 180.0 -180.0 -174025486.5585274
4.5 14.1 19.74 -136.6375838028083 -180.0 -180.0 -180.0 -180.0 -174025483.6081136
4.5 -14.1 -19.74 129.07135777818615 -54.215276790397816 -180.0 180.0 180.0 -174025469.45155355
4.5 -14.1 -19.74 1.8548912759261826 -138.66172073984688 180.0 180.0 180.0 -174025484.54264054
4.5 14.1 -19.74 -50.87095227828433 -138.00910877910263 180.0 180.0 180.0 -174025477.8768848
4.5 14.1 -19.74 -40.958680108137855 -37.61145061306161 180.0 180.0 180.0 -174025483.05431896
4.5 -14.1 19.74 147.89297219165476 -153.21616269243341 -180.0 180.0 180.0 -174025485.39463747
0.5 14.1 19.74 -153.5662519828104 -116.84858932731098 -180.0 180.0 180.0 -174025449.36826706
4.5 -14.1 19.74 37.69956343042865 144.69275888150585 -180.0 -180.0 -180.0 -174025483.8867969
0.5 -14.1 19.74 -53.283681895954736 -147.20291155517012 180.0 180.0 180.0 -174025457.26696298
0.5 -14.1 -19.74 -128.46314910851655 -39.000623950238015 -180.0 -180.0 -180.0 -174025461.0398563
0.5 14.1 -19.74 166.1164088781859 48.57622065107846 180.0 -180.0 -180.0 -174025469.44819638
4.5 14.1 19.74 -154.1613763669238 135.0672019647001 -180.0 -180.0 -180.0 -174025482.50811696
4.5 -14.1 -19.74 23.89947656546063 180.0 180.0 -180.0 180.0 -174025486.2883573
4.5 14.1 19.74 -180.0 -161.9752815834868 180.0 -180.0 -180.0 -174025486.48161277
4.5 -14.1 -19.74 164.256797081614 3.881781152758488 -180.0 69.12737279199844 -178.2059244204144 -174025486.52469054
4.5 14.1 -19.74 180.0 180.0 -180.0 -180.0 180.0 -174025486.56497246
4.5 14.1 -19.74 -166.22804540593953 9.988758701062292 180.0 180.0 180.0 -174025486.52034822
4.5 -14.1 -19.74 -8.284354717136976 -42.721639626299385 180.0 -180.0 180.0 -174025483.77312663
4.5 -14.1 19.74 2.2841521968217444 -43.92528132967498 180.0 180.0 -180.0 -174025483.32411236
4.5 -14.1 19.74 -43.59937941304024 43.4437713371481 -180.0 -180.0 -180.0 -174025481.15819335
4.5 -14.1 -19.74 -5.669386620241336 1.0453957369647935 -180.0 180.0 180.0 -174025486.563742
4.5 14.1 -19.74 157.82592685044852 124.8459657427926 -180.0 180.0 -180.0 -174025474.45482144
4.5 14.1 -19.74 -135.74956254485494 5.2534006865932055 180.0 -180.0 -180.0 -174025483.26406056
0.5 -14.1 19.74 180.0 154.97885428028383 -180.0 -180.0 180.0 -174025472.10862264
4.5 14.1 -19.74 -167.02188131577012 -46.96952794092686 180.0 180.0 180.0 -174025481.89055404
4.5 14.1 -19.74 135.1953293313624 136.06850200662123 180.0 180.0 -180.0 -174025480.1228617
0.5 -14.1 19.74 180.0 -44.902008140992976 -180.0 -180.0 180.0 -174025473.67234567
4.5 -14.1 -19.74 41.110315771295305 164.65649847695724 -180.0 180.0 180.0 -174025484.2853907
4.5 -14.1 -19.74 124.07159697982516 26.070017882822807 180.0 180.0 180.0 -174025474.9623594
4.5 14.1 -19.74 -88.02868294259893 -77.8756453993994 -180.0 -180.0 180.0 -174025298.06666592
4.5 14.1 -19.74 180.0 145.8285475995347 -180.0 -180.0 -180.0 -174025485.50820887
4.5 14.1 19.74 34.02409266654714 -52.08027827487645 180.0 180.0 180.0 -174025477.17896926
0.5 14.1 19.74 55.89676911129953 156.31095629171526 -180.0 180.0 -180.0 -174025463.9940499
4.5 -14.1 -19.74 -163.7183523433655 146.0864544521704 180.0 180.0 180.0 -174025485.46950966
0.5 -14.1 -19.74 -91.45279782976435 -20.20112690408215 180.0 -180.0 -180.0 -174025341.83858198
4.5 -14.1 19.74 -47.456276736596685 -40.7412223072538 -180.0 -180.0 180.0 -174025480.00570685
4.5 -14.1 19.74 49.77596951476903 -180.0 -180.0 180.0 180.0 -174025480.21182245
4.5 -14.1 -19.74 -139.56231411517166 -163.34675383861767 -180.0 180.0 -180.0 -174025484.45250183
4.5 14.1 19.74 -48.170023073529684 -0.9024188596557754 180.0 180.0 180.0 -174025481.82227263
0.5 -14.1 -19.74 57.31612466371532 -148.43420778016056 -180.0 180.0 180.0 -174025451.92703933
4.5 -14.1 -19.74 158.69705036301863 -180.0 -180.0 180.0 -180.0 -174025486.409331
4.5 -14.1 -19.74 -31.008194698432735 -163.0833882024988 180.0 180.0 180.0 -174025485.80995807
0.5 14.1 19.74 162.26906563905635 -130.75436474599576 180.0 180.0 -180.0 -174025466.5813431
4.5 -14.1 -19.74 39.33822910982198 5.592216491386486 -180.0 -180.0 180.0 -174025484.7675509
4.5 -14.1 19.74 -137.83048738725273 147.88370797227648 180.0 -180.0 -180.0 -174025483.14130503
4.5 -14.1 -19.74 149.45026402533324 153.30719199131747 180.0 -180.0 -180.0 -174025485.45415238
0.5 -14.1 -19.74 -145.14430838104138 -41.87098452895028 180.0 180.0 180.0 -174025458.4588382
4.5 14.1 19.74 180.0 -145.3957993574835 180.0 180.0 -180.0 -174025485.59240094
0.5 14.1 19.74 -123.52671327232284 52.77100807952974 180.0 -180.0 180.0 -174025446.71925685
0.5 14.1 -19.74 126.7402588662661 54.28843662901516 180.0 -180.0 -180.0 -174025451.6699947
4.5 -14.1 19.74 -158.44875861396918 -180.0 -180.0 -180.0 180.0 -174025486.3835098
0.5 14.1 -19.74 -180.0 2.001665880458335 180.0 180.0 -180.0 -174025454.29790372
4.5 14.1 -19.74 42.812642844346534 23.02197351307275 -180.0 180.0 -180.0 -174025483.59213117
0.5 14.1 -19.74 116.11495315190811 -141.3872389130703 180.0 180.0 180.0 -174025443.19895935
4.5 14.1 19.74 -142.3525214598795 43.33646293206987 180.0 -180.0 180.0 -174025482.46415374
4.5 14.1 19.74 13.40255424055488 -132.15924602141064 -180.0 180.0 180.0 -174025482.09197167
0.5 -14.1 -19.74 -180.0 180.0 -180.0 -180.0 180.0 -174025459.39057308
4.5 14.1 -19.74 13.689539119585689 -2.3120137762044166 180.0 180.0 -180.0 -174025486.53344202
0.5 -14.1 -19.74 -44.0679749939438 -117.46534941836009 180.0 -180.0 180.0 -174025443.44970223
0.5 14.1 -19.74 23.123289546462953 127.54782384225354 180.0 180.0 -180.0 -174025465.26819524
0.5 -14.1 -19.74 44.300993021423295 139.5117206857292 180.0 -180.0 180.0 -174025460.5835295
4.5 14.1 19.74 -180.0 24.51759075178118 -180.0 -180.0 180.0 -174025486.28895345
0.5 14.1 -19.74 159.83128097353597 -7.127732673963632 -180.0 -180.0 180.0 -174025468.4280544
4.5 14.1 -19.74 -38.52135031165743 149.10228246437455 -180.0 -180.0 -180.0 -174025484.2968635
4.5 -14.1 -19.74 -55.50467490639381 -163.25828485307363 -180.0 180.0 -180.0 -174025475.68231133
4.5 14.1 19.74 -149.50615226401618 -133.06098882145648 -180.0 180.0 -180.0 -174025481.8425287
4.5 14.1 -19.74 -180.0 -24.118611344713493 180.0 180.0 180.0 -174025486.2613724
4.5 -14.1 19.74 180.0 -2.07964944175841 -180.0 -180.0 180.0 -174025486.56487402
4.5 14.1 -19.74 -138.80892027732955 111.73869634996365 180.0 -180.0 -180.0 -174025424.63861945
0.5 -14.1 19.74 180.0 -114.35333965972445 -180.0 -180.0 180.0 -174025446.0511887
4.5 14.1 -19.74 4.049670080241114 164.84996543062766 -180.0 -180.0 180.0 -174025486.51151335
0.5 14.1 -19.74 -30.5178256801704 -22.8863241331122 -180.0 180.0 180.0 -174025468.95281705
4.5 14.1 19.74 -11.11578302571732 -147.2634906515297 180.0 180.0 -180.0 -174025485.73705664
0.5 -14.1 19.74 -2.1107242660304566 151.79442538504114 -180.0 180.0 180.0 -174025472.8257908
4.5 14.1 19.74 42.912144814463474 -28.48654864487813 180.0 -180.0 180.0 -174025483.1926365
4.5 -14.1 -19.74 -0.986455192038165 -167.6590023739347 -180.0 180.0 180.0 -174025486.54015034
4.5 -14.1 -19.74 126.53831876697517 -23.94644755741971 -180.0 -180.0 180.0 -174025477.69846416
0.5 14.1 -19.74 -127.37257420125614 148.43650725120958 180.0 -180.0 180.0 -174025464.8031055
4.5 -14.1 19.74 -52.669629865932485 -29.613205252471477 -180.0 180.0 -180.0 -174025478.002999
4.5 14.1 19.74 165.8875268469741 180.0 -180.0 -180.0 -180.0 -174025486.5327121
4.5 -14.1 -19.74 -59.03889581724698 143.99931743056018 -180.0 180.0 -180.0 -174025469.0323747
4.5 -14.1 -19.74 -180.0 -122.82065150897485 -180.0 180.0 180.0 -174025473.85419366
4.5 -14.1 -19.74 130.98924218031155 63.731893306512774 -180.0 -180.0 -180.0 -174025454.33348614
4.5 -14.1 -19.74 35.71589384053395 -169.7512975705579 -180.0 -180.0 180.0 -174025485.35310462
4.5 -14.1 -19.74 19.402723591059516 46.35230693548514 -180.0 -180.0 -180.0 -174025482.69899473
4.5 -14.1 19.74 -132.01457325569643 -19.132095593258217 180.0 -180.0 -180.0 -174025481.29946244
0.5 14.1 -19.74 -155.85073845228828 180.0 180.0 180.0 180.0 -174025461.62593174
4.5 -14.1 19.74 168.97973692553995 -168.92403728387401 180.0 -180.0 180.0 -174025486.53384477
4.5 14.1 19.74 -158.14991203379677 51.50811695950026 -180.0 180.0 -180.0 -174025479.55160812
4.5 14.1 -19.74 135.84555552885482 180.0 -180.0 -180.0 -180.0 -174025483.64217368
0.5 14.1 19.74 -49.020194692418286 61.93949513473945 -180.0 -180.0 180.0 -174025444.6486311
0.5 -14.1 -19.74 22.608433110428958 -43.395552194396494 180.0 -180.0 180.0 -174025469.49825802
4.5 -14.1 19.74 -39.308440665706144 -129.2966747751409 -180.0 180.0 180.0 -174025478.71143663
4.5 -14.1 19.74 -17.51839690833368 180.0 -180.0 -180.0 180.0 -174025486.49273473
4.5 -14.1 19.74 9.96388815165138 180.0 -180.0 -180.0 -180.0 -174025486.55354986
4.5 -14.1 -19.74 -167.7669631412309 -47.102050627248566 -180.0 -180.0 -180.0 -174025481.82177976
4.5 14.1 19.74 134.28048130666943 -59.484008071555635 180.0 -180.0 180.0 -174025463.23780912
4.5 -14.1 -19.74 -127.11995294553653 150.47828056328288 -180.0 180.0 180.0 -174025476.92355397
0.5 -14.1 -19.74 -180.0 -35.3513823321089 180.0 180.0 -180.0 -174025474.40059623
4.5 14.1 19.74 145.5200118342856 -157.30978701934632 -180.0 -180.0 -180.0 -174025485.38431087
4.5 14.1 19.74 -10.430234264672045 47.02716852070807 180.0 -180.0 180.0 -174025482.49739644
4.5 -14.1 -19.74 -180.0 -2.1030643878275566 -180.0 -180.0 180.0 -174025486.56486946
4.5 14.1 19.74 -132.73136024082487 -47.956215297374975 -180.0 -180.0 -180.0 -174025476.58037475
4.5 14.1 19.74 13.160288630217762 77.81235824918716 -180.0 180.0 -180.0 -174025428.97667858
0.5 -14.1 -19.74 106.41295895971659 157.34315611836442 180.0 -180.0 -180.0 -174025419.44009855
4.5 -14.1 -19.74 167.00938237456342 -39.3629841101233 180.0 180.0 -180.0 -174025484.69586056
0.5 -14.1 19.74 139.3565654830724 -34.85680649880726 180.0 -180.0 -180.0 -174025464.6015948
4.5 -14.1 -19.74 166.6156450345301 47.65257669955425 -180.0 180.0 -180.0 -174025482.17119414
0.5 14.1 19.74 -48.305254968091305 22.080900512908602 -180.0 -180.0 180.0 -174025462.36404148
0.5 -14.1 -19.74 151.52878635437952 123.16000823022921 180.0 180.0 180.0 -174025450.54172954
4.5 14.1 -19.74 39.892761922050454 -48.61507206209593 180.0 -180.0 -180.0 -174025478.9627311
0.5 14.1 -19.74 -116.34019787397575 30.994836815367407 -180.0 180.0 -180.0 -174025436.77048084
0.5 -14.1 19.74 -50.74624742360697 127.2562905063042 -180.0 180.0 180.0 -174025452.80482954
0.5 14.1 -19.74 180.0 -77.97414457124438 -180.0 -180.0 180.0 -174025421.1396048
0.5 14.1 19.74 28.792473650505574 53.762323928539104 -180.0 180.0 -180.0 -174025461.3060649
4.5 -14.1 19.74 -163.14651589757605 168.8092716752687 -180.0 180.0 -180.0 -174025486.47812036
4.5 14.1 19.74 -131.98329440914605 180.0 180.0 180.0 180.0 -174025481.39917746
4.5 -14.1 19.74 -48.87465980253995 139.57966543991475 180.0 -180.0 -180.0 -174025479.29140845
0.5 14.1 -19.74 55.41314453372743 -4.5078094618678355 -180.0 180.0 -180.0 -174025460.20036295
4.5 14.1 19.74 43.254005751508316 5.26508538618015 180.0 -180.0 -180.0 -174025483.64775744
0.5 14.1 19.74 180.0 -168.29015328533308 180.0 180.0 -180.0 -174025449.91290274
4.5 14.1 19.74 -9.456852543465335 -47.62605563479634 -180.0 -180.0 180.0 -174025481.53097665
4.5 14.1 -19.74 -133.90257891234558 -129.8193080761862 -180.0 -180.0 180.0 -174025476.59201032
0.5 14.1 19.74 46.30067055396534 20.311603352650565 180.0 180.0 180.0 -174025462.6258146
4.5 14.1 19.74 21.657783163926013 -162.79378039840805 180.0 -180.0 180.0 -174025486.30985388
4.5 14.1 19.74 -136.06967689546255 -164.5488671404866 180.0 -180.0 180.0 -174025483.3453506
4.5 14.1 19.74 135.73821553667523 -146.54520964363462 180.0 180.0 -180.0 -174025482.71735573
4.5 14.1 -19.74 39.22348736883995 180.0 -180.0 -180.0 180.0 -174025484.79344282
0.5 -14.1 -19.74 -8.101303727556234 -180.0 180.0 180.0 180.0 -174025459.148167
0.5 14.1 -19.74 13.303493204620372 151.06200193594324 180.0 -180.0 180.0 -174025471.42206296
4.5 -14.1 -19.74 139.1165580079575 -180.0 180.0 -180.0 -180.0 -174025484.6048264
0.5 14.1 19.74 122.88894766513009 -180.0 180.0 -180.0 -180.0 -174025452.01683396
0.5 -14.1 -19.74 44.17579571501651 -115.9883898611828 180.0 180.0 -180.0 -174025435.49229848
4.5 -14.1 -19.74 123.86196591090238 -126.51468448132414 -180.0 -180.0 -180.0 -174025466.6077136
0.5 14.1 19.74 -60.76922139150392 -57.8856939608981 180.0 180.0 180.0 -174025436.93636978
4.5 14.1 -19.74 -12.409344685348671 -13.30593354201561 -180.0 180.0 -180.0 -174025486.51010334
4.5 14.1 -19.74 46.019393960937144 -147.3148054075107 -180.0 180.0 180.0 -174025481.66854608
4.5 -14.1 19.74 -162.28691705682138 -139.0530014786686 -180.0 -180.0 180.0 -174025484.549747
4.5 14.1 -19.74 -141.01555928665962 -19.495099862306404 -180.0 180.0 -180.0 -174025484.71408156
4.5 -14.1 19.74 -171.89599809076518 -36.818412925362736 180.0 -180.0 180.0 -174025485.18274137
