0
1
3
4
5
6
7
8
9
10
11
12
13
14
16
18
19
20
21
22
23
25
26
28
29
30
31
32
34
35
36
37
38
39
40
41
43
44
45
46
48
50
51
54
57
59
60
61
62
64
66
68
69
71
72
76
77
78
79
81
82
84
85
87
88
89
90
92
94
96
100
102
103
104
105
106
107
109
111
112
113
114
115
116
117
119
120
121
123
126
127
128
129
130
131
132
133
134
135
136
137
138
139
141
142
143
149
150
151
152
154
155
156
157
158
160
162
165
166
169
170
172
173
174
175
176
178
179
180
185
186
188
189
191
193
195
196
197
198
203
204
207
209
210
212
216
217
218
219
220
223
225
228
233
234
236
238
239
240
241
242
245
246
248
250
251
252
253
254
256
257
258
259
260
261
262
263
264
265
266
267
269
270
271
272
273
274
275
276
277
280
281
282
284
287
289
290
291
292
293
297
300
302
303
304
305
306
307
308
312
314
317
320
321
322
324
326
331
333
334
335
336
338
339
340
342
343
344
345
347
351
352
353
355
356
357
359
360
363
365
368
369
370
371
372
373
374
376
378
380
381
383
385
387
389
391
393
394
396
397
398
399
400
402
403
404
405
408
409
410
411
414
415
416
417
420
421
422
428
429
430
431
432
434
436
437
438
439
441
442
443
444
445
448
454
456
457
458
460
461
462
463
464
467
473
474
477
480
481
482
485
486
487
490
491
492
496
498
499
500
503
504
506
511
512
513
515
518
519
520
522
526
527
528
529
531
533
534
535
536
537
538
540
542
544
545
546
553
554
557
560
562
563
568
570
571
572
573
574
575
576
579
581
587
589
590
