189, 1.0
477, 0.8661122651600404
546, 0.4403453816173955
203, 0.2533474914633221
1, 0.2293862708978551
85, 0.1969716243003665
246, 0.1810109604896986
4, 0.1796191364776169
64, 0.1393824894684181
62, 0.1348376342194465
8, 0.1250311148077404
204, 0.1144127889604623
248, 0.1019572031208098
37, 0.0951990088293813
12, 0.0943683562214575
408, 0.0858041395259557
420, 0.085411289665818
22, 0.0844279248560293
41, 0.0824046358161868
166, 0.0806971217320956
220, 0.0804193029847522
151, 0.0769116654865452
34, 0.072613869561904
396, 0.0649640047079461
333, 0.0647086331874321
457, 0.062167847451694
14, 0.0611753764835255
152, 0.0601431873968751
26, 0.0569682238128442
50, 0.0562056260893366
238, 0.0552543845622095
76, 0.0507229339322055
251, 0.0502232961163754
393, 0.0498274228386115
579, 0.049803065410542
69, 0.0485812446693144
39, 0.0485133472211182
119, 0.0481580099616006
373, 0.0466982117855342
51, 0.0444842809344266
59, 0.0431778312448122
45, 0.0429910140363373
270, 0.0426985251264436
133, 0.0421536838126316
487, 0.0418351918373682
256, 0.0410868600290253
105, 0.0407145716170104
492, 0.0407142946910857
303, 0.0405319536800761
482, 0.0399548137910692
225, 0.0393093095535429
409, 0.0387362079770542
7, 0.0386315593944525
266, 0.0381376313550735
121, 0.0378164900791063
537, 0.0377800007456649
139, 0.0376123684157984
196, 0.0373476755887413
198, 0.037108022086057
454, 0.0369098705782495
252, 0.0359553648710726
120, 0.0357671479073746
5, 0.0355286670673854
21, 0.0354391527061384
23, 0.0352706851912472
360, 0.0351553410543725
19, 0.0350251833829314
535, 0.0348629298104468
137, 0.0347017782228725
320, 0.0344600348469037
3, 0.0343916554876984
331, 0.0340629662668631
111, 0.0337888289356347
496, 0.0332894526672213
355, 0.0328462408323522
428, 0.0328349029958965
162, 0.032423892686583
103, 0.0320433289608103
334, 0.0318503299134896
18, 0.031816313390151
209, 0.0316492298935767
518, 0.0314682546531508
271, 0.0311780722421675
6, 0.0311650055605352
216, 0.0309492127325056
180, 0.0309197059305089
87, 0.0308937606362055
48, 0.0302036475431102
486, 0.0300843582416685
135, 0.0298079699694315
262, 0.0296118862800045
100, 0.0292715538183222
178, 0.0292392377811382
568, 0.0289770061566513
273, 0.0289120333327276
156, 0.0286761145133821
335, 0.0286485430123185
36, 0.0285323063798287
239, 0.0284553298827456
32, 0.0284235790436092
297, 0.028199790313434
399, 0.0279628668464094
376, 0.0279621701548664
557, 0.027633912818916
10, 0.0275794028511259
54, 0.0275091173870035
290, 0.0274173013196388
46, 0.02738640242135
172, 0.0272995610165942
114, 0.0271404160492294
94, 0.0271081332562813
463, 0.026924924456795
405, 0.0269209045425832
381, 0.0268934519093769
338, 0.0266894805784422
520, 0.0264583850225402
176, 0.0262393992203688
545, 0.0260735597083362
218, 0.0260314598246198
287, 0.0259291327125181
522, 0.0258981668885168
321, 0.0258101171417807
77, 0.0257806579179554
439, 0.0257696042735667
109, 0.0256842825613304
88, 0.0256655860831981
82, 0.0256040822775514
574, 0.0255222745365335
179, 0.0254513006843427
175, 0.0254462327181421
365, 0.0253327382217186
241, 0.0252351582662681
531, 0.0251599335029648
498, 0.0251421622392031
515, 0.0250096358707289
491, 0.0250059820911303
35, 0.0249414302344607
217, 0.0248631799747333
307, 0.0248310532123814
474, 0.0247786564379416
169, 0.0246680116329577
136, 0.0246118346146554
155, 0.0245134380362379
150, 0.0244746388463187
443, 0.0243726092434661
44, 0.0241840171339564
436, 0.0241506138956559
560, 0.0241288031889238
127, 0.0240609030673275
157, 0.0240479161727277
102, 0.0240374608177795
219, 0.0239252245626018
441, 0.0237713521446807
397, 0.0237403014757812
92, 0.0237071133372845
38, 0.0236208826967644
115, 0.0233687166784039
317, 0.0232937293892547
261, 0.0232625568880944
461, 0.0232518935493922
448, 0.023028510692286
347, 0.0230106620051235
174, 0.0229595978661575
274, 0.0229519609741108
289, 0.0228761979142404
314, 0.0227191686596208
234, 0.0226870554148281
78, 0.0226743363643044
60, 0.0225120338175625
170, 0.022485182731383
387, 0.0224850402612785
233, 0.0224293586706948
31, 0.0223962374423244
126, 0.0223492121291645
538, 0.0223485250037258
371, 0.0222569678285309
160, 0.0222380814612603
245, 0.0221928612618075
504, 0.0221783495499622
254, 0.0219466613188796
356, 0.0219398972332681
429, 0.0219218221041512
292, 0.0219171197212316
265, 0.021914123684224
553, 0.0218936660672851
149, 0.02186945605852
116, 0.0217561092927971
264, 0.0217338021888625
500, 0.0216989111814943
352, 0.0214815647326932
9, 0.0214022385121618
324, 0.0213859283483479
263, 0.0213606639400307
421, 0.0212688787365027
61, 0.0212421511341851
291, 0.0212393781547133
383, 0.0212317379852852
570, 0.0212121415272181
104, 0.0211252367293069
29, 0.0210292631926338
277, 0.0209687616851792
143, 0.0209682253573537
191, 0.0209139616060106
223, 0.0208551667112633
544, 0.0207627757056473
128, 0.020721120114215
0, 0.0207037965360391
326, 0.0206246267429794
66, 0.0206150134124788
134, 0.0205597217486493
305, 0.0205420431389486
106, 0.0204029509733399
284, 0.0201299433265461
438, 0.0201147687150501
368, 0.0200693876921321
462, 0.020025644737606
540, 0.0199351841888052
437, 0.0198717370458872
257, 0.0198482565879384
11, 0.0198186649276358
296, 0.0197632906394432
15, 0.0197595629697624
525, 0.0195349694722059
279, 0.0194787879180736
146, 0.0194726282677174
108, 0.0194709542082995
304, 0.0194274167685379
240, 0.0193856725587646
278, 0.0193513645980314
469, 0.0192426402215398
192, 0.0192278735782727
561, 0.0192215303744165
434, 0.0191024988765968
255, 0.0190838292117464
282, 0.018965293375349
79, 0.0189434108206193
465, 0.0189226631320416
70, 0.0188975616728446
505, 0.0187852627304201
404, 0.0187812400232592
325, 0.0187772473134761
42, 0.0187670946160503
431, 0.0186233897736302
415, 0.0186117035256777
452, 0.0186060887906219
295, 0.0186046858007172
430, 0.0185598413379787
587, 0.0184606693998905
163, 0.0183779035531218
101, 0.0183778706982806
161, 0.0183283270734799
582, 0.0183234215005528
205, 0.0183056195924762
577, 0.0182745368898723
253, 0.0181767395452482
412, 0.0181143207132222
392, 0.0180980676078263
366, 0.0180829380701661
449, 0.0180674779600498
370, 0.0180573550962674
467, 0.0180495319968932
130, 0.0180176711708458
113, 0.0179436721546812
456, 0.0179112116938258
512, 0.0179062649920911
594, 0.0179054840708347
212, 0.0178920885238524
25, 0.0178494361287816
422, 0.0178423678432843
455, 0.0178061216975049
227, 0.0178017605968102
125, 0.0177501387469884
58, 0.0177453661200279
276, 0.0177317326036772
407, 0.0177146615297619
222, 0.0177127143024392
308, 0.0176925888418906
569, 0.017660976563933
267, 0.0176592979701718
84, 0.0175987754232151
342, 0.0175947972938331
230, 0.0175810319966874
416, 0.0173758866306512
556, 0.0173651781633424
288, 0.0173203284340059
244, 0.0172907290180299
539, 0.0172592005648032
526, 0.0172174296288287
17, 0.0171754366197507
495, 0.0171392666874136
97, 0.0171038550235855
281, 0.0170625969119487
581, 0.0170178218857252
413, 0.0170030261099235
72, 0.0169986932536493
30, 0.0169983405641157
268, 0.0169519215792498
107, 0.016949374492178
481, 0.016916783347557
214, 0.0168749490190771
57, 0.0168672028290601
49, 0.0168600360360811
551, 0.0168120345641775
319, 0.016811664051971
343, 0.0167885193909983
470, 0.016781923633475
154, 0.0167385556751841
71, 0.0167248501150184
184, 0.0167202931343507
90, 0.0166135366405337
351, 0.0165254250549791
528, 0.0165037264768675
315, 0.0164855773082803
359, 0.0164591844222211
145, 0.0164452205404564
425, 0.0164297926483936
206, 0.016415115503501
258, 0.0163057447087136
2, 0.0163007265826358
285, 0.0162843615828216
144, 0.0162626773496481
56, 0.0162626376756197
33, 0.0162424935568334
541, 0.0162023014235834
506, 0.016197592754588
473, 0.0161552403627441
471, 0.0161373384189089
493, 0.0161062542001458
177, 0.016080967036659
171, 0.0160314374390302
283, 0.015974376779052
524, 0.0159428342485862
186, 0.0159357193168757
382, 0.0159225066803908
406, 0.0158900060451783
586, 0.0158021246262327
249, 0.0156703069068017
332, 0.0156139774444559
426, 0.0155772502464315
562, 0.0155563885168554
361, 0.0155400311215202
224, 0.0155147631437488
483, 0.0155097452905145
363, 0.0155056903746291
86, 0.0155053545919261
445, 0.0154831121144737
380, 0.0154680581299
55, 0.0154314466978096
589, 0.0154295171793132
202, 0.0152849527887923
435, 0.0152250148162881
484, 0.0151978032127187
269, 0.0151426031760248
183, 0.0151091514250778
354, 0.0150551781369405
89, 0.0150082821312691
585, 0.0149958543097277
372, 0.0149318483901557
532, 0.0149027114169292
489, 0.0148905613690628
260, 0.0148455362981351
141, 0.0148071540054651
523, 0.0147910652170258
444, 0.0147807072691134
432, 0.0147782758054046
300, 0.0146709723812509
293, 0.0145749112398434
65, 0.0145245478617317
327, 0.0145165120119926
509, 0.0145102596211246
511, 0.0145023274333131
417, 0.0144648166353588
353, 0.0143924538962175
272, 0.0143596138286042
364, 0.0143184641767292
158, 0.0143168597224841
442, 0.0143109031057474
131, 0.0143060339844144
306, 0.0142020815556308
280, 0.0141577018299524
336, 0.0140986463903598
517, 0.0140726594017217
346, 0.0139645847775963
129, 0.0139308507357455
132, 0.0139155530297823
349, 0.0138465699011167
148, 0.0138368016743587
322, 0.0137718851815089
485, 0.0137618421022318
229, 0.0137553199916131
466, 0.0137152630760695
374, 0.0136734719246414
213, 0.0135995091906613
211, 0.0135697897438968
93, 0.0135411347354322
345, 0.0135283322810919
476, 0.0134422573848159
536, 0.0134274812541048
197, 0.0134242844352604
195, 0.0133831904782751
584, 0.0133726165220868
168, 0.0132942288269357
40, 0.0132893528642901
298, 0.01327880976646
375, 0.013244378942854
237, 0.0132413566150839
199, 0.0132056806338042
63, 0.0131941333830567
400, 0.0131808646285106
395, 0.0131620719007714
385, 0.0131435836604212
27, 0.0131397277724705
530, 0.0130722435737675
547, 0.013065596079255
231, 0.0130455292737678
394, 0.0130014843160947
187, 0.0129937250319903
193, 0.0128739681196368
386, 0.0128443534413248
165, 0.0127365259959627
583, 0.0126831734884578
201, 0.0126757489550529
140, 0.0126707620241903
173, 0.0126409035694085
301, 0.0126363531395871
215, 0.0126190408151918
52, 0.0124996670050737
510, 0.0124925764740437
542, 0.0123463080069062
513, 0.012306314987535
118, 0.0123028542240793
533, 0.012299888292915
389, 0.0122715705622633
96, 0.0121443508074421
73, 0.0121306537404444
207, 0.0121183724721563
138, 0.0121053692620271
414, 0.0120237815344091
117, 0.012018165821182
147, 0.0120146544982421
226, 0.0120098026502865
588, 0.0120040588158417
377, 0.0120012340745689
549, 0.0119749807419673
80, 0.0119683132956129
521, 0.0119631539198222
181, 0.0119298234125755
95, 0.011898773249845
367, 0.0118782019841142
514, 0.0118494378536132
508, 0.0118481303387266
323, 0.0118319261434969
339, 0.0118306958594331
384, 0.0117822595382969
341, 0.0117552348150559
565, 0.011751156285767
402, 0.0116517413590822
313, 0.011589722270651
67, 0.0115474191347014
310, 0.0114940910242835
185, 0.0114754661561119
550, 0.011452193480512
501, 0.0114037293264374
123, 0.0113421275680225
74, 0.011275246528385
68, 0.011195017854917
235, 0.0111927764686842
228, 0.0111782116365534
369, 0.0111018134268674
164, 0.0110757771631569
247, 0.0110465131691406
388, 0.0110185181799514
250, 0.0110094295684635
472, 0.0110091534954176
340, 0.0110037097747357
516, 0.0108923010399898
578, 0.0108825552238985
450, 0.0108821901557147
567, 0.0108402388766266
13, 0.0108266404410412
572, 0.0108235619136619
167, 0.0108154676327295
554, 0.0107589870457732
242, 0.0106105310165539
99, 0.0105578595389483
379, 0.0105299541894628
43, 0.0105155219776925
460, 0.010481852024555
433, 0.0104327503557936
507, 0.0104268197094828
552, 0.0103887140551577
124, 0.0103221000776467
446, 0.0102851488869631
98, 0.0102742562627174
499, 0.0102707300094292
576, 0.0102658636043602
16, 0.0102446799115206
232, 0.0102376011781472
28, 0.0101256734001882
190, 0.0101254572480861
299, 0.0101098110874299
424, 0.0100669215943183
451, 0.0099698562183363
398, 0.0099481713617708
410, 0.0098759835066758
468, 0.0098439406908482
75, 0.0098386860538158
142, 0.0098380169110476
427, 0.0096968004448341
318, 0.0096653812743433
475, 0.009645658503723
328, 0.0095980483009536
573, 0.0094960233801797
348, 0.0094585111351712
24, 0.009435200307836
275, 0.0093597440392337
311, 0.0093339516823703
502, 0.0093129909948503
447, 0.0092478437968502
47, 0.0091649377703537
479, 0.0090978961484603
478, 0.0090587200436723
423, 0.0090562570269771
527, 0.0089619390753052
294, 0.0089412375390427
558, 0.0089169105053839
329, 0.0088898888032621
543, 0.0088683995817544
330, 0.0088452034366823
302, 0.0087891135653292
503, 0.008754900415807
236, 0.0086681489382794
418, 0.0086250272110962
316, 0.0086151473922139
91, 0.0084721976434819
243, 0.0084291826862077
194, 0.0083986408572155
286, 0.0083844258924385
591, 0.0082896660392804
362, 0.0082878986177351
595, 0.00826559972687
464, 0.0080720639998198
309, 0.0080482452344886
548, 0.0080227832736506
497, 0.0079434600544928
403, 0.0079378642492132
490, 0.0078859867559835
411, 0.0078768795636093
200, 0.0078691363392681
182, 0.0078499502430611
53, 0.0078058034253613
337, 0.0077830302323627
20, 0.007752670207293
221, 0.0076995248365165
571, 0.0076868198404212
357, 0.0074871760573498
188, 0.0074742851066006
153, 0.0073834159068184
358, 0.0073810944220759
350, 0.0073137413013236
312, 0.0072814344973061
592, 0.0072527626584709
110, 0.0071908457709668
529, 0.0071717951957426
81, 0.0071426835660144
458, 0.0071243311549376
564, 0.0070517589499978
453, 0.0070238499557319
83, 0.0069855730096642
259, 0.0069009524916912
419, 0.0067381682155254
210, 0.0067243728981525
488, 0.006686539255597
378, 0.0066129695596719
566, 0.0066064721393436
555, 0.0065774783325596
534, 0.0065433702707957
575, 0.0065285851758828
112, 0.0063796143327217
494, 0.0062030727518364
391, 0.0059441343492973
459, 0.0057917093054513
519, 0.0057882998796054
590, 0.0053800614264064
390, 0.0053155762103399
563, 0.0049268692509035
159, 0.0048636731209402
480, 0.0047649936845477
208, 0.004651629422857
559, 0.0045342916959733
440, 0.0044036066639512
344, 0.0044023125794456
580, 0.0042831264253475
401, 0.0042689387550911
593, 0.0032481093469804
122, 0.0029489628479172
