z_from_surf x_from_center y_from_center angle_frag1 angle_frag2 alpha beta gamma energy_surrogate
0.5 -14.1 -19.74 -180.0 -180.0 -180.0 -180.0 -180.0 -2319.0284571695247
2.5 0.0 0.0 0.0 0.0 0.0 0.0 0.0 -2346.287918198942
3.5 -7.05 -9.87 -90.0 90.0 90.0 -90.0 90.0 -1960.5447451793243
1.5 7.049999999999999 9.870000000000001 90.0 -90.0 -90.0 90.0 -90.0 -1945.2825987598483
2.0 -3.5250000000000004 4.934999999999999 135.0 -45.0 -135.0 -45.0 135.0 -2339.509028108064
4.0 10.575000000000001 -14.805 -45.0 135.0 45.0 135.0 -45.0 -2339.7144044727984
3.0 -10.575 14.804999999999996 45.0 45.0 135.0 -135.0 -135.0 -2339.829831124277
1.0 3.5250000000000004 -4.934999999999999 -135.0 -135.0 -45.0 45.0 45.0 -2333.1094345255724
1.25 -5.2875 17.272499999999997 -22.5 22.5 -67.5 -22.5 157.5 -2340.4116622384527
3.25 8.812499999999998 -2.467500000000001 157.5 -157.5 112.5 157.5 -22.5 -2346.197634753785
2.994391348066132 0.06953450305153484 -5.562123985742639 -13.784329555806927 8.576465072657404 7.249682453396216 10.43633762523866 32.77120547208331 -2346.3075727023206
3.439738956047877 -0.36003096235216764 -6.131938723025031 12.24218760961678 -14.6149676714653 -16.406054370816125 -6.354730867664636 -14.611186451507567 -2346.2945093690173
2.3843150453009825 10.32147029646556 -8.05530317634425 142.16218729575925 -146.7807483819971 137.03171783899955 152.45700811126736 -56.212630925916606 -2344.0691799681667
3.075090403300407 4.804416797563197 -4.439376330878485 17.50125068710118 -6.824112151444153 8.333468827438287 21.797159017836744 -6.147905678263695 -2346.2928091474078
3.946114414003433 1.8813443961606193 0.6143867371138829 -27.544835811715078 -11.799653803318654 -12.363741592543406 25.5833820717225 -1.2641404136587109 -2346.046400087221
3.637309838749745 3.94787406981504 -0.3835278847103935 5.573198933579762 -17.090024127997992 -5.60068840010633 -31.9827924930177 42.404036580207304 -2346.2889787104887
3.2988161464446977 0.45329947848757374 -2.1059686740317507 -5.858536248405836 -60.92751304369382 34.37554424351526 9.34533741396108 19.753024569683866 -2328.9093133044294
4.125894239330106 -0.41163174440774214 1.273534428818921 41.6118371705117 18.36231157361436 32.98522301161349 10.155661812186143 15.104900566788187 -2343.902247406165
3.3757818946503515 0.35615551837666304 0.2565988734017304 49.65018253441903 -22.02275379979655 -37.906853872794755 43.64060174001602 58.93945396179881 -2341.0139760378834
3.0816105910675873 4.776876887030662 6.987656581597402 1.6700516876583338 17.888386808915733 31.334902418014074 49.03646867459916 81.52490374222162 -2346.31523123267
3.2735654545328012 -3.0859574916703516 10.719409527023931 -10.045131651176865 22.795064538220988 -26.989509729295182 -8.348009014102258 102.35742411752159 -2346.2208580189235
1.6116480095124985 2.0850218400371454 6.819516367528178 62.148525031168184 5.790621925383836 -39.35263184264751 -26.692414300417855 143.55063495975415 -2325.77168220573
2.1856733194069795 -5.464163363669755 1.968824754265174 -13.884702138779115 -39.723020893601024 -123.89256448657578 -41.03632645225587 94.69048274186748 -2344.2776403220096
2.9796006978465504 -9.726342119286237 19.74 55.65499677721417 -32.19497241254988 -101.41372049713354 -90.26054150060304 109.7078509012065 -2336.5609662854567
2.001773017647868 -12.250592436309619 6.221474103917027 82.36579705792845 58.52084958334181 -100.39683604592524 2.1416230014634303 64.4355865790949 -2231.2069571245024
3.073506884100804 -0.1290788618931221 17.895945134440726 13.922465444929363 -64.07854534305922 -130.80813157420516 -0.9327312596934049 180.0 -2319.5148461721346
1.8538863208972887 3.641016138035043 5.118295139598864 -118.01516684328912 -8.505929090350849 -78.7306649611769 28.13413948293731 126.76597340354735 -2324.7928255931556
4.5 -2.4719182288303494 -0.5576812063808766 67.75571062074367 -48.48126067694784 -128.7083448276996 -129.1842977003205 131.05874259037256 -2295.848455256093
3.8136477466178422 7.315207161120939 -1.562376997413614 12.554017436761832 122.23258635139916 -69.87271024391902 47.936412208119954 29.37850905239765 -2334.4081081680542
3.9178898157770647 9.022742908583835 -9.338524540732717 77.63373389574936 -9.392583041869463 122.35391936041428 165.4503856848473 3.6123039000120927 -2302.2822051961616
1.9430044172729999 -3.276720014159063 19.74 -90.7254033145723 -78.35251984637132 -36.1272737813255 -99.72499820342867 62.75719085172537 -2101.235444158113
2.974087884097218 4.2782228744298525 5.189510293439618 -11.65094817768315 45.98076660842709 -155.09351817959313 -18.551778085665582 85.6668493664551 -2342.940215949227
2.1445890369502565 5.2311226856123305 -14.889950359224473 -42.69273624353821 -51.52368478922827 -138.81346162890733 -3.4943522368887927 68.73851943620288 -2337.5653517652163
0.7599248660077078 -4.674921466984591 -6.497897066366449 -26.095346120614522 -73.6256662379993 -72.82139351913757 61.79983261855266 180.0 -2278.048593767546
2.7823239199405623 12.208590549550971 -12.96718276000624 -90.37580140918314 40.12089511309255 -61.77303306928946 96.52412816662182 49.50888758660012 -2151.5771793724043
4.29647646273386 -0.8285923758655818 -4.520723070841853 -55.170747963893184 -26.996489214658784 -132.0544619393469 5.648048239613109 156.50739581746973 -2338.3561447387133
2.159492385669902 3.658193547049857 17.713683702080036 -32.29300023979031 115.6360198143116 -68.45252527167877 44.25927313485333 153.7029993788381 -2314.8168649140052
2.7651043655550356 1.4002948664573016 -14.532777231175102 67.58529041566764 -1.5454662584210677 -180.0 -17.55924500988469 175.15083485611137 -2300.838206064351
3.3549379468389264 3.742550256533638 3.5297844983024698 10.407080595596753 133.45746125911614 82.22488994275805 86.36407770918267 -73.12699829832927 -2342.2461625524425
4.5 2.4019099736965086 -19.74 -64.55600719879345 180.0 180.0 136.03826276634973 -180.0 -2323.881694834244
0.5 -12.48780643171508 3.6899548170657535 80.18004030672628 -180.0 -180.0 -101.15031180704992 180.0 -2227.16402734905
4.5 3.117967584520321 -19.74 42.70764159624243 126.24016088818331 16.308251801917102 62.86524494663665 -123.5106717241458 -2335.8966409748245
4.5 -4.753963871877832 -17.914547850065958 0.12082890008240661 180.0 47.2341480869259 137.20312857292876 50.88239420298077 -2346.3350545258163
2.6422533896787654 -2.367112854794594 19.500459958272835 160.98171051668567 -39.08298719224135 4.853154281564317 -111.01064348463412 -27.713362360476008 -2344.5648855010213
1.9430978630837052 -1.9184178114357069 19.74 180.0 128.79093893025023 -134.27896903020866 -125.94726176790563 145.46622073648936 -2339.18065204716
2.244562995965787 10.005990199280976 19.74 180.0 -105.09971784781237 -180.0 -97.18897365617762 52.87457391960735 -2309.8677606996125
2.6236791466113747 -14.1 19.74 117.0712290643665 142.22520282190487 -14.363375075242628 -174.5642072281831 8.332167164631864 -2326.181362494638
4.5 -3.728404155271309 19.74 180.0 -90.8367109795544 1.0162239495877297 -54.11913722819433 180.0 -2165.0395292556605
1.5149442467448433 -0.12342723673729065 3.7280063768519214 96.40413547397763 56.7888489912347 -143.5638741766013 -119.88597038781035 -46.584329194482535 -2229.105519076963
4.5 4.183049487727048 -12.17439852794813 66.67319357438502 180.0 101.93712621471656 174.6525895155348 -70.5619556381285 -2306.4684521535733
